-1.982021       5.664593        -109.104021     -0.933572       -0.269459       9.675031
-1.873490       5.593661        -109.149729     -0.798377       -0.346320       9.707491
-1.756220       5.712705        -109.138205     -0.898739       -0.188873       9.663881
-1.692848       5.877380        -109.139630     -0.897970       -0.264654       9.761948
-1.733111       6.072544        -109.209326     -1.047466       -0.242090       9.792666
-1.780273       6.151761        -109.245340     -1.162824       -0.357504       9.789892
-1.759291       6.173617        -109.199075     -1.058060       -0.195365       9.800322
-1.826342       6.182866        -109.174458     -1.060442       -0.392359       9.663097
-2.045072       6.423844        -109.333093     -1.109621       -0.358306       9.736037
-2.121875       6.549740        -109.460372     -1.111690       -0.331373       9.733085
-2.082942       6.596478        -109.489012     -1.281654       -0.401297       9.719671
-2.010420       6.623224        -109.423044     -1.147595       -0.338122       9.691557
-1.834825       6.637402        -109.368477     -1.197102       -0.676244       9.682556
-1.616979       6.711057        -109.331695     -0.970127       -1.120897       9.821778
-0.981316       6.620337        -109.098793     -0.926601       -2.259878       9.497866
0.187343        6.574798        -108.711012     -0.898196       -2.821423       9.114895
4.226296        6.972304        -108.058525     -1.025733       -2.371415       9.203065
7.099982        7.040763        -108.196247     -1.208177       -1.904282       9.506784
11.461897       6.657769        -110.126091     -1.374097       -0.317384       9.728232
13.976440       6.347363        -112.267129     -1.304619       0.744040        9.552297
17.118652       6.071850        -115.897395     -1.419013       2.900417        9.101835
18.613609       6.209502        -118.422641     -1.620002       3.336461        8.838735
19.603115       7.001984        -122.464019     -1.575797       5.950804        8.704995
18.922985       7.660397        -125.247420     -2.033957       6.473353        8.660719
15.314366       8.268012        -129.946385     -2.534914       7.038693        8.881205
11.826761       8.275804        -132.845511     -2.709231       7.263385        8.873409
4.274387        8.493606        -137.552212     -2.727970       5.459105        8.765417
-0.348834       8.679216        -139.443588     -3.235580       4.733304        9.224854
-7.190848       7.735523        -140.793613     -4.136445       3.153316        9.453397
-9.948395       6.437750        -140.052956     -3.632241       1.450280        8.947735
-11.013756      5.066990        -136.462751     -2.946784       0.767885        9.558736
-10.813812      4.679742        -132.706185     -2.908799       -0.159649       9.727699
-11.644187      3.590254        -125.026031     -1.428446       -2.022576       9.583301
-10.791820      3.289176        -120.556706     -1.740366       -2.907219       8.892322
-7.632575       4.286837        -115.080704     -1.442469       -4.323540       9.247845
-5.267366       4.970992        -111.245199     -1.002492       -4.408219       10.085135
-1.804642       4.701802        -105.488196     -0.505026       -5.826399       10.734474
0.383403        4.442336        -102.618608     -0.421961       -5.859869       10.964278
3.794847        4.005616        -99.189663      0.826458        -6.190175       10.835467
6.434100        4.085733        -97.660184      0.022271        -6.366858       10.234069
11.251693       2.903826        -96.076437      -0.012528       -4.598013       10.226110
15.253276       1.500085        -96.042702      -0.648091       -2.671460       9.643986
21.054760       -0.515744       -98.658963      -0.687394       -0.256895       8.894075
23.807932       -1.268155       -101.872932     -0.788356       2.128720        8.287892
24.822859       -1.066893       -108.588295     -0.024755       4.495063        8.319027
22.749673       -0.073287       -113.260988     -0.515059       5.657143        8.193985
17.456314       2.609697        -119.479880     -1.967267       6.893928        8.447201
13.305140       4.357254        -123.269701     -2.168563       6.556628        8.953271
5.462013        5.723119        -128.290762     -2.826007       6.401832        9.713047
-0.303629       6.209453        -130.952290     -3.625070       6.018809        9.852499
-9.229924       6.095942        -134.135177     -3.325377       3.940751        10.476476
-15.567490      5.243887        -135.811795     -2.933841       2.401853        10.508908
-24.152293      3.791093        -136.552974     -2.367157       -0.395918       10.240334
-28.060017      3.090525        -136.139164     -1.935254       -1.376659       9.712502
-32.454216      2.839179        -133.620634     -2.200566       -2.363521       8.772593
-33.034134      3.373972        -130.654651     -1.804075       -3.589625       9.240174
-30.797570      4.818064        -123.994937     -1.957141       -4.692368       9.090355
-27.797901      5.838508        -118.718038     -2.422139       -5.193061       9.162205
-21.719783      6.839004        -108.041508     -2.418714       -5.362269       8.866390
-17.837000      7.052106        -102.407357     -2.737989       -5.248835       8.556151
-11.568471      7.071446        -94.464363      -2.684650       -5.041256       8.921710
-8.509598       7.247348        -90.471272      -2.806940       -4.724747       9.310904
-5.431861       7.556867        -87.129491      -1.859068       -4.139102       9.791112
-4.565753       7.491638        -85.797865      -2.586755       -3.629953       9.267084
-3.625313       7.643977        -83.841741      -2.240837       -4.486311       8.895136
-1.794488       7.385681        -82.144951      -1.930259       -4.180947       8.717883
1.524597        6.120894        -80.713253      -1.574360       -3.306934       9.038428
3.455451        5.605905        -81.276310      -1.471205       -1.677570       9.034752
5.178990        5.295446        -83.989212      -0.940394       -0.300670       9.527417
5.568988        5.074432        -86.330354      -0.810724       0.842329        9.786332
5.505016        5.098299        -89.469605      -0.264949       1.521808        9.957094
5.224521        5.128227        -90.932292      -0.422864       1.688712        9.930320
5.422294        5.114066        -92.580350      -0.786210       1.971074        9.800580
5.823299        5.140139        -93.432403      -1.068853       2.025113        9.852687
6.667014        4.977310        -94.420869      -0.946389       2.253564        9.842473
7.016040        4.951117        -94.859443      -0.805133       2.123163        9.874902
6.882669        5.012817        -95.265695      -0.847632       1.774257        9.950777
6.436900        5.062426        -95.410742      -1.128603       1.567622        9.731102
5.836236        4.926652        -95.563845      -1.422867       1.302979        9.615304
5.564786        4.774018        -95.615736      -1.088025       1.120356        9.503352
5.255327        4.652607        -95.741933      -1.065227       1.084193        9.479194
5.064093        4.647501        -95.916569      -0.797117       0.900325        9.575950
4.983545        4.951874        -96.477526      -1.022951       0.953833        9.537374
4.641962        5.166646        -96.882899      -1.006504       0.877486        9.750810
4.088493        5.367806        -97.402144      -1.104377       0.916408        9.644959
3.746616        5.362017        -97.488243      -0.969227       0.677850        9.679377
3.577257        5.334247        -97.416048      -1.013336       0.781172        9.778966
3.540098        5.219462        -97.270148      -0.867175       0.547744        9.779708
3.583011        5.122913        -97.219347      -1.124831       0.582855        9.670898
3.559623        5.253075        -97.472687      -0.987476       0.694103        9.623825
3.043546        5.579616        -97.898632      -0.969102       0.457430        9.817785
2.708149        5.623821        -98.140031      -1.190545       0.492305        9.855073
2.311372        5.486197        -98.288421      -1.188356       -0.097714       9.875148
2.437549        5.303677        -98.194115      -1.092247       -0.752271       9.844586
4.648349        5.022805        -96.728728      -1.566248       -2.946726       10.314946
8.065584        4.011940        -95.424559      -1.385933       -3.430729       10.585532
16.983372       0.733786        -93.983817      -1.602752       -2.377389       10.404988
22.274902       -1.148897       -94.578844      -1.176994       -0.698979       10.167870
29.966932       -3.650998       -98.997284      -1.229243       1.936133        8.906966
33.888744       -4.175722       -104.471409     -0.659395       3.782117        7.804547
35.790029       -1.679411       -114.416063     0.570458        6.867211        6.851597
33.525786       0.933344        -119.355407     0.770139        7.970352        6.944039
28.210920       3.922329        -123.791890     0.284181        7.987658        7.434947
17.090759       7.767998        -130.119444     -1.564803       7.894800        8.295053
3.608241        10.420865       -136.215013     -2.489683       6.365119        8.933292
-5.689650       11.644742       -139.480064     -3.572494       5.553298        8.985314
-16.242040      11.414354       -142.321700     -5.228860       4.495347        9.767935
-20.447190      9.750812        -140.765409     -5.907362       2.672352        10.166367
-22.412803      7.520166        -133.797551     -4.579015       1.253385        10.397375
-22.573252      7.046296        -128.987402     -3.513548       -0.393235       9.656776
-21.091322      8.043092        -119.168154     -3.183579       -1.308660       9.221551
-17.398943      9.270571        -111.713879     -3.529937       -3.030309       9.216364
-10.368120      10.148018       -100.595760     -4.405521       -4.495585       9.043953
-4.726469       9.692583        -92.150722      -5.197153       -4.564044       9.367494
5.098335        7.348874        -80.442477      -5.079843       -4.215945       10.490102
9.779602        5.407547        -75.287058      -3.804266       -3.826601       11.428758
14.860169       2.447073        -70.768169      -2.837083       -2.292616       11.692481
16.632761       1.001481        -70.042753      -2.453847       -1.769721       11.297450
17.094120       -0.244807       -71.806748      -1.093269       -1.492914       10.947239
16.372838       -0.623756       -74.343676      -1.290527       -0.966224       9.747598
14.396174       -1.089274       -79.679088      -0.341292       -0.964727       9.205328
12.677299       -1.382085       -83.844140      0.039455        -0.290540       8.653687
9.908093        -1.222438       -90.508886      0.108527        -0.058433       8.809760
7.991780        -1.009377       -94.918108      -0.337002       0.525533        8.850829
4.646703        -0.567443       -101.244404     -0.310946       0.754537        9.090541
2.891140        0.285066        -105.184336     -0.488314       1.741205        9.251522
0.165770        2.326573        -111.676784     -1.088412       2.285202        9.930752
-1.475457       3.424982        -115.445882     -1.327703       2.207709        10.034706
-2.710530       4.935448        -120.272839     -1.929618       2.244503        10.254515
-2.560739       5.395772        -122.048207     -2.180300       1.902923        10.625115
-1.284265       5.063136        -123.353906     -2.133930       1.704313        10.015722
0.035304        5.395116        -123.171883     -1.695360       1.713443        9.916131
1.832500        5.741689        -122.032025     -1.415308       1.936806        10.153271
2.351822        5.806718        -121.205319     -1.431278       1.718026        9.996827
2.063153        7.020318        -120.610039     -1.349839       1.709567        9.751226
0.978490        7.934419        -120.473187     -1.695799       1.343741        9.816277
-0.966711       10.174269       -120.458821     -1.897480       0.807099        9.670220
-2.031984       12.365163       -120.261677     -0.815350       -0.179800       10.542998
-3.709297       15.560488       -119.390996     0.607627        -1.025884       11.552917
-5.395345       17.075808       -118.010314     1.563342        -1.462857       12.533890
-7.669155       19.098283       -115.420255     2.257878        -2.650887       11.071487
-8.803242       20.732615       -113.412574     0.539338        -2.511415       8.932745
-8.626584       23.699054       -110.637102     -5.089458       -0.486706       5.263022
-6.779792       25.420365       -108.306795     -7.165786       0.505167        5.151946
-2.086829       26.010658       -104.040763     -10.454715      1.139161        6.784710
1.869263        23.343820       -101.764545     -9.603668       0.770289        8.043268
6.888133        16.885654       -100.174697     -9.381790       2.853006        7.846622
8.342163        12.072080       -98.832892      -9.477467       3.541361        8.274609
7.646394        2.057507        -96.933573      -9.125041       4.760366        7.953005
7.217982        -5.362683       -95.926060      -5.312418       3.743927        8.359154
6.166440        -14.582013      -94.216411      0.867531        1.193031        8.945170
4.830732        -19.202029      -92.843073      6.775908        -0.987915       9.218722
4.495307        -23.898124      -91.637787      7.484469        -1.370102       7.190651
4.975382        -25.225744      -90.820742      8.765810        -1.862239       7.721928
5.965252        -25.859066      -89.958113      7.747180        -1.439363       7.222415
6.871527        -25.030097      -89.872904      7.366911        -0.761042       7.438583
8.318263        -21.168449      -90.824167      6.730247        -0.002501       8.186920
8.217201        -17.719136      -92.043848      5.235871        1.182444        8.349715
6.003755        -9.802425       -94.810170      4.905322        0.228012        9.260155
3.906834        -3.597060       -97.518175      3.055714        -0.316517       8.750865
1.426666        4.880128        -101.558779     -0.650992       -1.040414       8.500867
1.071748        8.903275        -103.584258     -1.530446       -1.444640       9.050622
1.562838        12.375784       -105.356684     -3.427429       -0.417157       8.955361
1.930951        13.717672       -105.784469     -4.413598       -0.053241       9.072235
3.294983        15.040428       -106.186037     -4.190233       0.639900        9.870617
4.170418        14.523953       -106.198257     -3.958788       0.587573        10.358409
5.494537        12.439050       -106.539875     -3.648940       1.355808        9.992722
6.156445        10.926763       -107.362009     -3.315486       1.694101        9.432363
6.974128        10.622129       -109.381995     -1.440007       1.654503        9.866091
7.081083        11.788826       -110.648407     -0.125460       1.566466        10.586369
6.248793        14.431948       -111.753919     1.538529        0.978041        11.494989
5.563072        16.665267       -112.164946     2.463768        0.525822        11.445440
3.399781        21.295318       -113.760143     3.357796        -0.119851       12.864022
1.349599        23.617050       -115.785099     3.152999        -0.497940       10.988047
0.550202        27.655627       -117.544360     -1.852926       0.387724        7.905720
0.820803        29.938970       -116.841046     -8.610686       1.082400        4.786933
2.897796        31.540293       -111.750552     -8.436043       1.948334        5.582054
5.284794        30.697897       -108.778056     -9.577692       1.877954        5.464712
8.466942        27.845453       -105.408052     -8.407885       2.158246        5.884475
9.712997        26.307942       -104.477323     -8.305909       2.820966        6.742131
10.067358       23.926508       -103.596139     -6.178549       1.826827        7.482262
9.856052        23.412498       -103.778649     -7.142527       3.336163        7.449671
8.112035        20.876275       -103.088054     -7.183059       1.160395        9.011623
6.597219        16.124072       -102.406143     -9.498607       2.900529        8.811905
5.698156        6.050350        -100.024761     -6.627390       1.394003        9.118141
6.225314        -3.280108       -96.640873      -4.327384       1.016754        8.319653
7.899497        -14.529543      -92.173428      1.603380        0.077863        8.771214
9.880155        -21.241768      -90.418394      6.269532        -1.592961       8.243397
13.018912       -27.994333      -89.875763      8.149043        -0.670474       7.209538
14.596161       -29.926190      -90.673307      7.462967        -0.276345       6.605036
16.160702       -30.587200      -92.727460      7.913300        0.849782        6.717190
17.126366       -29.601284      -94.587654      7.243983        0.839425        6.804368
17.008321       -25.645590      -96.430722      6.268833        0.980333        7.583223
16.374116       -21.828613      -98.209932      5.366030        -0.120071       7.935956
14.458095       -13.607038      -102.123985     2.946589        0.209974        8.458067
11.119439       -7.971193       -105.400209     1.964189        -0.603865       9.172428
3.051117        -0.597274       -111.890244     -0.048161       0.039684        9.263039
-2.199969       3.819797        -116.533799     -1.169232       -0.205980       9.483004
-9.260627       9.676583        -124.005665     -2.410027       -0.625197       10.549698
-14.455550      12.187281       -128.322627     -3.185086       -1.014505       11.109026
-20.079047      13.470658       -133.035829     -3.676178       -2.152121       10.482292
-21.464039      13.413115       -134.513318     -3.132066       -2.707668       10.276321
-20.125966      12.764160       -135.252092     -3.275878       -1.920405       9.826373
-18.319524      12.369672       -135.050920     -2.399893       -1.127514       10.530757
-16.177470      11.763055       -134.165432     -1.050003       1.483387        11.588552
-16.295380      11.802005       -133.467478     -0.544084       2.881465        12.084099
-17.631187      11.396489       -132.604552     -1.082521       4.368854        12.672427
-19.812099      10.969665       -131.921795     -0.676364       2.596551        11.756562
-23.947084      12.731383       -129.347738     -2.630368       -0.582661       9.114544
-26.041532      14.135227       -124.985052     -3.624097       -3.065744       7.196243
-24.475281      15.574021       -113.738511     -4.776389       -6.061345       5.747153
-20.063044      15.743413       -104.608175     -6.721286       -6.720114       4.886611
-9.157994       14.772714       -91.559537      -7.327213       -5.845863       6.601176
-1.513302       13.704723       -84.423076      -6.743941       -4.833324       7.267274
7.128823        11.452044       -77.676461      -5.852202       -3.302974       8.974250
10.511274       9.893902        -76.571004      -5.662111       -1.780243       9.615800
11.781481       8.107287        -77.999724      -4.773134       -1.061398       9.732931
11.777846       6.539343        -80.449472      -5.502192       -0.520692       10.754629
12.048647       2.798724        -84.916243      -3.707493       -0.762024       10.523268
13.681633       -0.746340       -88.030380      -2.448105       -0.620196       9.772893
16.281869       -6.403672       -93.396901      0.060433        1.278465        8.678151
17.915480       -9.555330       -98.290327      1.645965        2.608374        8.190682
19.262268       -11.122540      -106.688322     2.777158        4.087205        7.948992
19.027623       -10.302729      -111.999230     1.953555        4.912030        8.038267
18.005180       -8.992470       -119.512925     2.145806        5.763551        8.406201
16.924038       -8.446098       -123.075897     2.206870        6.737984        8.517623
16.033643       -7.633834       -126.735967     2.056572        7.498997        8.368649
15.849451       -7.085894       -128.393969     2.039421        8.733588        8.140501
13.334736       -5.341602       -129.448668     1.808873        9.370226        8.290439
9.744005        -3.637423       -128.952698     1.067262        8.277840        8.275259
1.680556        -0.821731       -127.841405     -0.982237       7.262891        8.969444
-5.288364       0.913935        -126.668691     -2.872032       3.504424        8.938257
-18.120370      2.671078        -123.840513     -3.695590       -1.508838       8.472781
-25.347363      3.056045        -120.987211     -2.975150       -4.617419       7.646240
-30.743077      4.080487        -114.381238     -2.213190       -7.974190       6.760225
-29.917485      4.827644        -108.447100     -1.181119       -8.957268       6.893036
-23.742331      6.872737        -99.000399      -0.183317       -8.814879       7.697024
-17.578057      8.802092        -92.735579      -1.234004       -7.129553       8.310237
-9.034427       10.097039       -84.551168      -1.851990       -5.231009       9.314715
-3.605969       9.809726        -79.327955      -3.406394       -4.154891       9.433495
3.243147        7.813270        -74.257312      -3.735709       -2.820040       9.442327
6.819002        6.386846        -73.405737      -3.246167       -2.194396       10.098783
10.388223       4.969863        -75.144842      -3.206638       -1.242833       10.935170
11.634791       3.937000        -77.602789      -3.274282       -0.776038       11.156091
13.045535       1.179194        -83.375684      -2.390841       0.441101        10.661453
13.675611       -0.689508       -87.538091      -1.642615       1.841562        9.998668
13.880119       -2.816905       -95.219581      0.812674        3.665366        8.656484
13.114054       -2.916682       -100.336643     1.311911        4.502223        8.041495
11.079429       -1.628041       -106.950735     0.707629        4.858598        8.043422
9.508084        0.012019        -110.196222     0.142472        4.490258        8.625306
7.555693        1.967793        -113.451941     -0.395852       3.195001        9.617180
6.766835        2.540598        -114.463829     -0.818515       2.515116        9.362256
6.892669        2.729782        -115.094113     -1.269233       1.635486        9.487960
7.360664        2.591928        -115.278634     -1.006284       2.166014        9.556406
5.221449        2.885870        -117.099661     -0.769913       1.298590        9.193545
4.089284        2.734449        -118.137692     -0.901995       1.352292        8.838190
2.206678        2.782050        -119.362277     -0.194121       2.749075        9.897623
1.081951        2.733107        -119.175477     -0.715320       1.702388        8.977260
-0.304689       3.542621        -118.014249     -0.683884       1.172471        9.860981
-1.104989       4.388901        -116.817788     -0.763345       0.429444        10.556394
-0.686292       5.065465        -113.343515     -1.586208       -0.450415       11.075090
0.911098        4.636199        -110.081891     -1.386830       -1.619615       10.884989
5.940938        3.756986        -104.647866     -1.108742       -3.580087       10.593062
10.565974       2.671012        -101.912980     -0.862077       -4.503178       10.680538
18.640747       0.906354        -100.574266     -1.429362       -4.863306       10.692998
24.279124       -0.127882       -101.658149     -1.182234       -1.540354       10.211759
31.851920       -1.753057       -105.131999     -0.598550       1.829758        8.945535
35.282148       -2.571534       -108.794249     -0.500452       4.130230        7.775722
36.998860       -3.070276       -115.218225     -0.473679       8.127261        6.275019
35.771673       -3.576180       -120.155814     0.540068        9.695295        5.564866
30.441432       -3.720076       -126.209348     1.139832        11.244949       5.394491
26.126399       -2.413817       -128.309586     -0.037392       11.780314       5.637558
15.514678       0.369809        -131.622089     -1.217497       10.564754       7.071133
7.361645        1.102963        -134.068570     -3.012969       9.209271        7.681595
-6.961285       2.003868        -138.896452     -3.249393       6.307036        8.172314
-14.624338      2.294570        -141.194959     -3.464047       3.314850        9.520241
-23.732433      0.792810        -139.207337     -2.112590       -2.788862       9.795117
-27.689610      -0.043597       -134.443588     -1.438813       -5.130486       8.392722
-28.497464      0.357554        -124.401249     -0.232584       -8.338475       7.480912
-24.758992      0.763234        -116.484799     -0.681093       -8.833153       7.295371
-14.320899      2.530600        -103.808642     -1.366738       -7.788116       8.053805
-6.336900       2.311597        -95.541574      -1.733250       -5.884217       9.270696
4.603291        -0.162645       -85.653333      -1.585058       -3.189842       9.412539
10.152759       -1.455771       -80.992188      -1.566746       -2.203415       9.961712
15.326706       -4.374023       -76.115847      -2.463594       -0.756076       11.373755
16.737082       -7.030244       -75.228701      -0.817464       0.028169        10.542542
17.597785       -8.565345       -77.023867      0.810855        0.797029        9.806305
17.430740       -8.404888       -80.009640      1.014386        1.631957        8.931744
15.954481       -7.263941       -87.014690      1.221328        1.932896        8.787363
15.127162       -6.386260       -91.116163      0.856611        2.394734        8.727542
13.933279       -4.923456       -96.817383      0.563110        2.749307        8.897135
13.472828       -3.986693       -99.577865      0.248594        2.718078        9.106324
12.797570       -2.896089       -102.644817     0.039181        2.655351        9.298404
12.296069       -2.038795       -104.072330     -0.385777       2.481697        9.024549
12.143598       -0.620810       -105.697585     0.229809        2.321333        9.531310
12.535446       0.541692        -106.687692     1.042545        2.169932        10.154789
13.786613       3.083612        -108.147118     2.376719        2.310225        11.205790
14.362162       6.015665        -109.176685     2.768922        1.995079        10.861441
10.523558       13.782777       -110.600856     4.009018        4.104707        6.565725
8.568018        19.370713       -109.879318     0.457819        2.624964        8.203213
7.002264        26.584251       -110.006929     -4.270890       -1.794574       6.418827
6.137166        29.021122       -110.832281     -6.640129       -0.313109       5.763572
4.549760        30.909687       -112.897474     -10.108558      0.768436        4.964589
3.424115        30.911140       -114.401068     -10.570249      1.770645        6.059155
2.512121        27.289087       -115.279351     -9.236616       1.050759        8.235505
2.420988        22.218946       -114.987447     -8.029106       1.246952        8.522590
2.572316        12.806308       -113.923211     -10.514858      0.580646        7.764230
2.941250        4.096903        -112.929699     -7.140498       1.187794        8.163897
3.079649        -10.120635      -111.001088     -0.974639       1.294766        6.727368
2.214254        -17.797574      -109.413612     3.651531        1.228388        6.196426
0.449306        -23.571029      -106.614598     9.102905        0.719911        6.572156
0.076683        -22.976711      -104.911939     10.568149       -0.517785       7.777855
0.138987        -18.310983      -101.969271     9.317143        -1.194608       9.515718
0.334485        -14.594335      -100.752599     7.703787        -1.170607       10.338917
0.901859        -10.022813      -101.128033     3.748139        -1.404711       10.587348
1.810667        -7.776614       -102.639025     1.879020        -1.509462       10.837641
3.417962        -5.275048       -105.061800     -0.630026       -0.449477       8.827590
3.357487        -4.387980       -106.667861     -0.775467       0.471832        8.851746
1.386833        -4.074913       -108.637500     -0.679417       -0.370732       9.080701
-0.335734       -3.872776       -109.560962     -0.406123       0.021255        9.135499
-1.775286       -3.540593       -109.762869     0.481903        -1.106943       10.078151
-1.528433       -3.370673       -109.710008     0.768786        -1.626488       10.517287
2.315702        -2.600573       -109.325910     1.748982        -3.304608       11.615440
8.504443        -1.571613       -108.417712     2.096334        -4.429039       12.184637
22.792186       1.483221        -107.371873     -0.198945       -2.783588       9.600795
31.345264       5.102979        -107.309239     -1.042479       1.014742        7.072040
35.668290       9.881783        -110.722790     -2.486212       7.652978        6.435529
30.740702       10.186327       -116.221308     -2.234646       8.788889        6.707727
17.167225       7.019406        -124.707739     -2.967266       7.644852        6.328399
7.668210        4.511004        -127.766453     -3.354194       5.206620        6.542395
-2.718205       2.419751        -129.018595     -0.780635       1.811950        9.042109
-6.007751       2.387019        -128.860804     -0.180042       0.246357        9.475563
-7.549087       3.901916        -129.220076     -0.659322       -0.221626       9.915335
-7.366698       5.222787        -129.877364     -1.133138       -0.225074       10.588302
-6.074853       6.495647        -130.065776     -2.096282       -0.146162       10.853848
-4.655831       6.842667        -129.146059     -2.001531       -0.216583       10.810168
-2.365079       6.904633        -127.348027     -1.424989       -0.349944       9.877700
-0.818613       6.995354        -126.464374     -1.310609       -0.092143       9.632999
1.144979        7.464355        -125.543185     -1.471803       0.055755        9.606072
1.880796        7.643430        -125.005204     -1.567999       0.605639        9.499119
2.054010        7.819819        -123.900753     -1.709242       1.439214        9.263300
0.790002        7.890907        -123.314644     -1.386954       2.178766        9.209860
-5.668340       7.214805        -123.297940     -1.310255       3.861428        8.852072
-14.183153      6.645854        -124.041599     -2.071634       2.603824        8.527149
-29.642032      6.058504        -126.334679     -3.103176       -3.392271       8.836911
-39.056456      4.345150        -126.953679     -2.940284       -6.231071       9.375950
-45.935761      0.833391        -121.522164     -0.532960       -11.630684      8.193994
-43.336390      -0.970488       -115.343159     -0.158901       -13.314408      6.269909
-29.982645      -3.505371       -107.406123     0.958671        -13.813265      4.745339
-18.052280      -4.819219       -104.387223     1.323276        -9.935001       4.273286
-2.074682       -4.289300       -104.086297     2.201288        -3.262203       6.167491
4.855690        -2.639113       -105.558543     0.804448        -0.424533       7.605970
9.855276        -1.924937       -108.131491     0.306422        3.110658        9.370472
10.654779       -2.095166       -109.386712     -0.227025       2.827110        9.568157
10.439125       -2.305225       -111.055681     0.245915        2.274042        9.487390
9.482606        -2.342380       -111.978279     0.081358        1.652074        9.236492
7.260574        -2.022493       -113.390822     0.178483        1.012726        9.322558
5.346249        -1.600066       -114.584460     0.154714        1.627773        9.072267
2.501562        -0.675528       -116.110039     0.169839        0.999207        9.438543
0.908304        -0.011180       -116.922030     0.052700        0.615570        9.617609
-0.603954       0.991456        -117.616944     -0.041602       0.533467        9.543737
-0.945339       1.572203        -117.578889     -0.222178       0.049157        9.952396
-0.592785       2.280530        -117.058831     -0.490394       -0.260140       10.144288
0.280038        2.744315        -116.654261     -0.461855       -0.946076       10.612585
4.646655        3.792615        -115.749728     -0.256784       -4.217730       13.304461
12.157954       3.541125        -114.358807     -0.915411       -2.451382       11.683317
27.343214       2.460821        -111.375241     -0.556631       -0.122946       7.182057
35.568772       2.627561        -110.985613     0.035565        3.629177        5.705812
39.224422       4.519616        -113.313451     0.285962        7.878472        5.021343
34.916097       5.922965        -116.414315     0.332806        8.884759        5.563201
22.586787       7.263318        -120.850461     -1.585863       6.675936        6.907788
14.270575       7.706006        -122.952065     -2.345658       2.586018        9.167308
3.769636        8.150204        -125.123576     -1.918329       0.263974        10.667111
0.201158        8.505468        -125.914260     -1.311374       -0.054574       10.898755
-0.662924       9.468539        -126.407726     -1.565717       0.550313        10.107765
0.653349        10.181352       -126.572709     -2.352312       0.918480        10.100960
2.812797        10.077976       -126.969979     -2.824972       2.561624        10.215955
3.690555        9.458798        -127.154448     -2.533132       3.172445        10.140653
4.162764        7.752328        -126.903407     -1.802615       2.570085        9.923161
4.651800        6.824529        -126.532117     -1.830354       2.911093        9.454649
3.872522        6.387896        -125.495047     -1.814213       4.566480        9.124425
1.414866        6.159517        -124.854229     -1.438030       4.122756        9.550703
-5.153005       6.021829        -124.472703     -1.768509       2.626437        9.658388
-9.941442       5.682326        -124.693087     -2.488572       1.074939        9.364700
-17.739887      3.973924        -124.356136     -2.174529       -1.320259       9.221920
-21.307323      2.507797        -122.745892     -1.816361       -3.477716       8.680193
-24.688825      1.160121        -118.921942     -0.319729       -5.510201       7.701347
-26.276647      1.343271        -115.011380     0.259075        -6.144866       7.339235
-26.457153      2.269956        -109.069449     0.131424        -7.530829       7.312387
-25.431947      2.987854        -104.414592     -0.017383       -7.905066       7.143194
-21.929546      4.223899        -98.487314      -0.461243       -8.334242       7.469378
-18.618685      4.648172        -95.442160      -0.685932       -7.930680       8.125039
-12.794505      4.645779        -92.239250      -0.899764       -7.284636       8.714450
-9.734106       4.356007        -91.676659      -0.971253       -6.531811       9.227419
-5.009719       3.597721        -92.430593      -0.940231       -5.573556       9.592598
-2.312670       3.115903        -93.962864      -1.398034       -3.747510       9.574663
1.677478        1.976502        -97.716422      -1.681366       -0.848014       9.063155
4.569394        1.183117        -101.005473     -1.191453       1.384606        9.012428
7.802303        0.529431        -105.603928     -0.131846       4.087977        8.962303
8.777578        0.513835        -108.425880     0.016817        4.646020        8.764834
8.662403        1.528133        -111.335410     -0.559579       4.201506        9.001594
7.941328        2.372447        -112.702259     -0.668792       3.700113        9.294272
6.745668        3.515874        -114.099425     -0.915197       2.700570        9.573844
6.160913        4.057885        -114.588110     -1.017420       2.164946        9.897812
5.227229        4.437750        -114.978762     -1.109543       1.635593        10.154177
4.691779        4.438988        -115.034212     -0.926387       1.155118        10.289898
3.999300        4.313757        -115.036303     -0.953574       1.053909        10.049139
3.709543        4.223524        -115.104322     -0.829389       0.646022        10.037550
3.369388        4.093164        -115.132645     -0.817149       0.479412        9.853230
3.271615        3.937994        -115.065576     -0.747367       0.465208        9.634997
3.385727        3.805233        -114.891240     -0.763835       0.591878        9.788032
3.396535        3.740322        -114.707823     -0.652192       0.560507        9.777745
3.257754        3.697914        -114.504557     -0.531407       0.418899        9.918587
3.066976        3.773752        -114.484853     -0.666652       0.393903        9.871711
2.819667        4.092188        -114.674675     -0.966160       0.375485        9.958557
2.830199        4.170314        -114.808963     -1.378960       0.641888        9.880820
3.221401        3.510849        -114.940961     -0.915630       0.522814        9.849794
3.513447        2.897463        -114.941213     -0.337521       0.477036        9.700732
3.559722        2.194945        -114.752843     0.122084        0.282277        9.532702
3.379154        2.100198        -114.546533     0.296662        0.083757        9.718522
3.140668        2.259016        -114.458731     -0.261732       0.239192        9.474703
3.408744        2.215391        -114.754417     -0.508345       0.396612        9.371548
3.829578        2.110939        -115.033854     -0.655289       0.526659        9.573999
3.756803        2.018200        -114.940427     -0.409580       0.570070        9.786388
3.475105        2.170933        -114.835188     -0.179114       0.600588        9.927215
3.538264        2.233179        -115.106212     -0.198553       0.582533        10.002647
3.958659        2.242203        -115.533771     -0.372229       0.600567        10.209610
4.369771        2.019748        -115.621149     -0.457555       0.661424        10.087604
4.827202        1.313644        -115.256477     -0.339923       0.620466        9.969496
5.143959        0.989992        -115.081968     -0.148802       0.645796        9.742757
5.612552        0.426701        -115.051487     -0.184621       0.845578        9.702177
5.918616        -0.012379       -115.201346     -0.186325       0.986503        9.715727
6.304627        -0.742661       -115.551832     -0.084931       1.142226        9.748490
6.316755        -1.139345       -115.785371     0.232672        1.116940        9.869024
6.226760        -1.651133       -116.328191     0.392794        1.139387        9.917295
6.068870        -1.860119       -116.748967     0.555903        1.041361        9.891995
5.762705        -2.148501       -117.603137     0.330744        1.037444        9.694683
5.671372        -2.335563       -117.981145     0.530367        1.074885        9.589485
5.849203        -2.517081       -118.391880     0.644485        0.998475        9.416738
6.095870        -2.479498       -118.425188     0.783096        0.973256        9.387569
6.696113        -2.132681       -118.270805     0.673783        1.089269        9.462888
7.123241        -1.811065       -118.086017     0.632978        1.224789        9.477597
7.630354        -1.286090       -117.773942     0.341587        1.362243        9.654229
7.831682        -0.852476       -117.615844     0.289370        1.409237        9.686636
7.817303        -0.164383       -117.496388     0.152413        1.491771        9.661775
7.583350        0.380121        -117.447604     0.064096        1.434326        9.856407
7.024141        1.114913        -117.513598     -0.118507       1.358860        9.848857
6.561215        1.478333        -117.550671     -0.241362       1.234164        9.934962
5.866693        1.628865        -117.489835     -0.348422       1.045885        9.976599
5.554928        1.551412        -117.444407     -0.331097       0.914136        9.896484
5.264727        1.497738        -117.448851     -0.204849       0.807101        9.823842
5.144117        1.493065        -117.492257     -0.146692       0.737259        9.872890
5.033313        1.487636        -117.579859     -0.161656       0.781433        9.732198
5.028840        1.487737        -117.624918     -0.114207       0.779839        9.693823
5.036360        1.553528        -117.647351     -0.226014       0.842114        9.678177
5.044756        1.608302        -117.648807     -0.183525       0.831037        9.734119
5.076813        1.776598        -117.662539     -0.223735       0.824863        9.812120
5.099435        1.848382        -117.621196     -0.252352       0.817896        9.757602
5.263218        1.905573        -117.536430     -0.239514       0.872535        9.752575
5.398783        1.952843        -117.501296     -0.326657       0.861874        9.869349
5.516967        1.904642        -117.520891     -0.253101       0.925283        9.763390
5.551695        1.885021        -117.610731     -0.307334       0.945841        9.733241
5.585619        1.892509        -117.852189     -0.255813       0.920037        9.749161
5.596695        1.968542        -117.999221     -0.174053       0.915945        9.653055
5.704010        2.126988        -118.185490     -0.244648       0.938780        9.687724
5.778142        2.203634        -118.215557     -0.284393       0.988055        9.715434
5.998245        2.305652        -118.238498     -0.312814       1.062935        9.685575
6.099973        2.383041        -118.223983     -0.360929       1.080211        9.766213
6.143889        2.479408        -118.157937     -0.317405       1.180437        9.743183
6.094048        2.570484        -118.106036     -0.390273       1.138898        9.799900
5.927078        2.744265        -117.973801     -0.409951       1.107847        9.914381
5.824783        2.807347        -117.877235     -0.471316       0.999544        9.906854
5.653711        2.795097        -117.715034     -0.425541       1.030905        9.801261
5.595202        2.705874        -117.677450     -0.346777       0.993238        9.837626
5.545344        2.671385        -117.683710     -0.325516       0.951967        9.764297
5.534250        2.673118        -117.697950     -0.364193       0.979200        9.789310
5.526414        2.581677        -117.682397     -0.438448       0.980573        9.736218
5.446841        2.473142        -117.609036     -0.340123       0.928708        9.748983
5.377188        2.380953        -117.522691     -0.201901       0.883329        9.729282
5.306718        2.335137        -117.459769     -0.158198       0.881438        9.769279
5.188131        2.363291        -117.342402     -0.268473       0.888035        9.798500
5.058293        2.385693        -117.226743     -0.267551       0.841326        9.745575
4.856650        2.474747        -117.041281     -0.278266       0.750360        9.778631
4.770099        2.551876        -116.959607     -0.335992       0.735029        9.664136
4.792570        2.568757        -116.947097     -0.351109       0.716219        9.654906
4.906234        2.567930        -116.994443     -0.402184       0.700954        9.777969
5.044389        2.542413        -117.035263     -0.323937       0.748827        9.796516
5.132473        2.563847        -117.058091     -0.270296       0.793943        9.806669
5.237299        2.601563        -117.132959     -0.366497       0.864851        9.697570
5.327354        2.623338        -117.220872     -0.296469       0.838654        9.737308
5.506338        2.687901        -117.387467     -0.185613       0.905219        9.783767
5.672382        2.808454        -117.521283     -0.234943       0.870052        9.752542
5.927290        2.998010        -117.642369     -0.293782       0.889841        9.857455
6.086512        3.071978        -117.669998     -0.404713       1.013600        9.733373
6.393739        3.152073        -117.722342     -0.470301       1.108496        9.706149
6.548607        3.231907        -117.715825     -0.484516       1.105880        9.773787
6.567398        3.282813        -117.689960     -0.489456       1.270135        9.708317
6.345352        3.384574        -117.814257     -0.404925       1.365557        9.730193
5.535945        3.855056        -118.158387     -0.294703       1.158789        9.743737
4.755165        4.367203        -118.317382     -0.339117       1.036509        9.716170
3.647101        4.839692        -118.376563     -0.669595       0.850051        9.875113
2.816861        4.916493        -118.402892     -0.896101       0.721316        9.800650
1.371013        5.159530        -118.549914     -0.836377       0.277500        9.838470
0.682557        5.375341        -118.609817     -0.796565       -0.397535       10.151296
0.842004        5.408714        -118.079285     -0.785091       -2.226936       10.384454
3.496089        4.774777        -116.897493     -0.978692       -3.585763       10.533099
13.708194       1.300603        -113.946893     -1.477411       -3.121465       10.215965
24.224216       -3.350494       -112.896302     -1.243610       -0.533933       8.796311
42.854093       -10.862903      -116.004764     0.752518        5.120791        6.435552
49.960073       -12.454247      -119.149357     2.499856        7.263858        5.242362
53.179922       -11.099238      -123.695439     2.875459        10.012095       3.602732
49.677866       -8.144009       -126.640207     2.429276        10.619138       3.172483
39.446063       -1.083427       -130.833314     0.989229        10.510880       4.187621
30.506256       3.933840        -133.558638     -0.029937       9.577534        6.008893
16.304101       8.876717        -136.937608     -1.344723       5.832161        8.617116
9.135345        9.599409        -137.797220     -2.568957       3.234512        9.214209
4.640316        7.979613        -136.266556     -2.659979       -0.061209       9.513564
5.538817        6.548775        -134.049602     -1.651410       -0.684267       9.674406
8.929332        5.219566        -130.754682     -1.130314       0.109768        9.656199
10.768627       4.942786        -129.421817     -0.944963       1.089578        9.763585
11.511340       5.042076        -128.670018     -0.930540       1.549761        9.776240
11.072344       5.093265        -128.805469     -0.880066       1.635861        9.521839
9.846095        5.229567        -129.500349     -0.788316       1.592384        9.571268
8.810036        5.265349        -129.909655     -0.533120       1.666708        9.387521
7.150237        5.667693        -130.114385     -0.411461       1.508640        9.443477
6.029223        6.181431        -130.023185     -0.736789       1.388330        9.374798
4.519387        6.946514        -129.676546     -0.806119       0.958144        9.527048
3.902203        7.367514        -129.278312     -0.962625       0.658481        9.644477
3.459316        7.782420        -128.422446     -1.178717       0.506039        9.739138
3.343758        8.048433        -127.736073     -1.159358       0.312257        9.794489
3.376241        8.365051        -126.786856     -1.414576       0.409270        9.763069
3.351727        8.472117        -126.118505     -1.564334       0.348944        9.907449
3.229712        8.397278        -125.296125     -1.592947       0.561002        9.650235
3.092548        8.339354        -125.003911     -1.280378       0.407775        9.726402
2.718823        8.538674        -124.736042     -1.409028       0.519000        9.648300
2.451990        8.869020        -124.518620     -1.535545       0.465907        9.674125
2.239566        9.557187        -124.146866     -1.582607       0.574597        9.714453
2.310536        9.924740        -123.794521     -1.677294       0.526392        9.812852
2.555597        10.202877       -123.046564     -1.736235       0.594978        9.867116
2.847432        10.346892       -122.421962     -1.834004       0.758514        9.820119
3.485242        10.444167       -121.417684     -1.579886       0.767033        9.968839
3.803557        10.370060       -120.804591     -1.414219       0.751756        10.028849
4.110804        10.146823       -119.565514     -1.507430       0.578803        9.878774
4.166155        10.041126       -118.778749     -1.620210       0.467437        9.637980
4.239715        9.896350        -117.569343     -1.838488       0.427206        9.443099
4.358368        9.783720        -116.944804     -1.816214       0.423979        9.526929
4.640941        9.588137        -116.433424     -1.745275       0.482286        9.409738
4.919815        9.502689        -116.381550     -1.541825       0.613932        9.615746
5.214790        9.515880        -116.319521     -1.475419       0.641319        9.686887
5.262970        9.500836        -116.121253     -1.640740       0.828972        9.524972
^C5.479702      9.442745        -115.835128     -1.711260       0.924037        9.489358
