1.657063        2.025519        -96.545043      -0.346530       0.268921        9.808046
1.657326        2.025020        -96.543006      -0.320535       0.289865        9.761205
1.656055        2.023802        -96.542401      -0.327758       0.299191        9.777460
1.656169        2.022324        -96.540910      -0.347761       0.272071        9.846036
1.654800        2.020512        -96.539864      -0.322476       0.252574        9.809519
1.655378        2.020165        -96.539407      -0.352688       0.276416        9.832804
1.656139        2.019202        -96.537381      -0.327646       0.287070        9.761172
1.657100        2.019206        -96.537037      -0.345204       0.299174        9.811421
1.656821        2.020295        -96.536583      -0.342501       0.306102        9.780603
1.654759        2.021350        -96.536888      -0.331379       0.252777        9.774192
1.654533        2.021423        -96.533999      -0.350827       0.294661        9.808685
1.655627        2.021294        -96.533977      -0.347665       0.291824        9.819799
1.654096        2.020794        -96.532394      -0.334366       0.282454        9.784886
1.654533        2.022134        -96.530315      -0.346452       0.284672        9.839519
1.654835        2.022237        -96.529193      -0.320344       0.283454        9.799031
1.655206        2.022408        -96.528324      -0.333861       0.261015        9.803723
1.654068        2.023403        -96.527283      -0.334618       0.308979        9.794750
1.653597        2.023063        -96.525680      -0.338362       0.279271        9.768013
1.652053        2.023517        -96.524654      -0.320983       0.272718        9.781886
1.652328        2.023548        -96.524195      -0.346749       0.305466        9.803199
1.652375        2.022680        -96.520258      -0.316559       0.275334        9.802526
1.651472        2.021422        -96.517348      -0.340181       0.291327        9.776823
1.650598        2.021083        -96.514781      -0.323129       0.255954        9.805815
1.650766        2.020491        -96.512758      -0.385050       0.263072        9.769560
1.648807        2.021207        -96.510928      -0.335330       0.273377        9.809452
1.650369        2.020977        -96.507739      -0.328722       0.265555        9.761341
1.649502        2.020225        -96.505185      -0.327099       0.286717        9.794034
1.649309        2.020878        -96.503790      -0.361676       0.272658        9.792324
1.649379        2.020514        -96.501780      -0.335035       0.293115        9.776386
1.650493        2.022844        -96.500046      -0.333875       0.266670        9.828252
1.650233        2.023462        -96.497978      -0.316999       0.282677        9.782166
1.651734        2.024276        -96.496430      -0.363405       0.284382        9.787648
1.652135        2.022664        -96.493202      -0.316892       0.285912        9.812513
1.651974        2.024162        -96.490984      -0.345491       0.302393        9.825246
1.651165        2.023217        -96.488867      -0.343309       0.305966        9.795111
1.651638        2.024067        -96.485829      -0.331156       0.291567        9.810116
1.651421        2.023664        -96.481761      -0.299757       0.269577        9.755901
1.651382        2.023164        -96.479034      -0.316744       0.285978        9.790229
1.651890        2.022965        -96.474766      -0.337457       0.258264        9.775036
1.650019        2.022643        -96.470794      -0.332583       0.272044        9.804240
1.649924        2.023943        -96.466458      -0.335366       0.280691        9.755200
1.650953        2.024463        -96.462206      -0.351819       0.299720        9.808404
1.651654        2.024462        -96.458100      -0.324686       0.277866        9.793981
1.651531        2.024128        -96.455101      -0.311975       0.303748        9.803468
1.650301        2.023516        -96.449850      -0.337437       0.301896        9.802885
1.650424        2.022166        -96.447197      -0.322652       0.275789        9.801874
1.649197        2.022568        -96.442736      -0.320027       0.300697        9.775008
1.648930        2.022158        -96.438914      -0.332312       0.273173        9.832129
1.652213        2.021138        -96.436247      -0.306587       0.282846        9.789766
1.651569        2.020356        -96.434272      -0.355846       0.287563        9.786502
1.652996        2.019549        -96.432166      -0.331792       0.304081        9.778514
1.652780        2.019801        -96.429704      -0.353534       0.292923        9.811261
1.653220        2.018712        -96.426224      -0.354541       0.283739        9.735239
1.654383        2.018083        -96.423558      -0.331080       0.296266        9.854811
1.654714        2.017778        -96.420446      -0.346673       0.286538        9.760876
1.656362        2.018679        -96.418330      -0.327257       0.267374        9.835371
1.656045        2.018477        -96.416110      -0.333835       0.283686        9.854331
1.655893        2.019555        -96.414162      -0.325163       0.292654        9.804295
1.654454        2.019537        -96.410854      -0.308148       0.295125        9.814683
1.655720        2.018556        -96.410956      -0.345194       0.301029        9.806530
1.657672        2.018141        -96.409025      -0.330565       0.268793        9.798425
1.657056        2.017863        -96.407228      -0.335911       0.271616        9.788518
1.657971        2.017861        -96.403765      -0.340286       0.275069        9.844020
1.658759        2.018210        -96.401210      -0.311360       0.314243        9.766212
1.658016        2.018084        -96.397485      -0.360850       0.304994        9.797988
1.658852        2.018323        -96.395376      -0.343470       0.260672        9.787713
1.657492        2.018668        -96.392912      -0.322441       0.288670        9.803102
1.658521        2.019727        -96.391037      -0.309273       0.299690        9.777136
1.657623        2.019441        -96.387796      -0.303670       0.278193        9.774795
1.656467        2.020081        -96.385299      -0.321400       0.288975        9.775612
1.656271        2.020931        -96.380730      -0.320875       0.268263        9.778670
1.656645        2.021179        -96.377970      -0.346918       0.265879        9.813571
1.657557        2.021255        -96.374044      -0.361213       0.290570        9.768579
1.658391        2.021297        -96.370909      -0.337938       0.287521        9.777293
1.658741        2.021289        -96.366122      -0.343890       0.253007        9.784456
1.657012        2.020613        -96.363079      -0.320625       0.280189        9.881414
1.655639        2.021233        -96.358195      -0.349799       0.301076        9.814750
1.655773        2.020809        -96.355951      -0.355359       0.298945        9.807967
1.653860        2.019138        -96.352162      -0.343485       0.274113        9.768256
1.652044        2.020775        -96.350515      -0.358725       0.241900        9.784587
1.653537        2.020857        -96.347676      -0.372844       0.285129        9.800863
1.653479        2.020008        -96.345406      -0.338182       0.275419        9.834855
1.652232        2.020841        -96.341802      -0.336920       0.284377        9.794945
1.653056        2.020528        -96.340183      -0.325594       0.275380        9.846493
1.651624        2.021357        -96.336408      -0.327065       0.309323        9.787005
1.650434        2.020897        -96.335444      -0.337100       0.292041        9.829010
1.649511        2.021671        -96.332632      -0.348540       0.302508        9.801275
1.647670        2.021552        -96.332046      -0.349786       0.256826        9.817418
1.645914        2.021581        -96.331612      -0.350479       0.292102        9.805238
1.646198        2.020400        -96.329201      -0.339007       0.279145        9.784104
1.645244        2.021196        -96.327459      -0.357657       0.283398        9.804639
1.644278        2.020736        -96.325139      -0.331134       0.285746        9.816797
1.643729        2.023032        -96.321608      -0.351845       0.280424        9.958876
1.643186        2.021254        -96.317775      -0.249483       0.302664        9.583163
1.640335        2.020986        -96.314748      -0.345124       0.267278        9.737140
1.641615        2.020194        -96.309739      -0.376126       0.317639        9.814648
1.640264        2.021387        -96.305138      -0.319894       0.283727        9.713573
1.641730        2.021942        -96.302121      -0.306472       0.292089        9.800961
1.632670        2.029348        -96.294389      -0.310645       0.244087        9.754601
1.645380        2.009653        -96.291283      0.039383        0.312348        8.196196
1.644568        2.011756        -96.286057      0.038880        -0.165894       6.329122
1.638477        2.012325        -96.285818      -0.983569       0.193464        10.691209
1.638020        2.015002        -96.280505      -0.677516       0.442884        10.549622
1.638876        2.013995        -96.274146      -0.222627       0.296861        9.659321
1.640585        2.015508        -96.272065      -0.369071       0.344258        10.022332
1.639534        2.016745        -96.270066      -0.328066       0.274345        9.923912
1.639423        2.016297        -96.264480      -0.345727       0.310110        9.897202
1.640428        2.016667        -96.262117      -0.343350       0.277066        9.738441
1.640765        2.014696        -96.258771      -0.311372       0.305523        9.833855
1.639546        2.014819        -96.257143      -0.367811       0.284335        9.832981
1.642155        2.013701        -96.253071      -0.319694       0.273951        9.794353
1.646528        2.014962        -96.249999      -0.318811       0.302075        9.804847
1.631439        2.007332        -96.275798      -0.167340       0.558164        9.896055
1.567293        2.003395        -96.295540      -0.438596       0.506774        9.891503
1.598633        2.032312        -96.285927      -0.428966       -0.328164       9.810102
1.634356        2.044914        -96.288223      -0.430058       0.628933        9.764045
1.615641        2.038429        -96.271405      -0.286304       0.119449        9.750355
1.499810        2.277775        -96.380374      -0.243739       0.800209        9.722717
1.500170        2.335577        -96.473407      -0.022953       -0.310740       9.393582
1.454639        2.424269        -96.760239      -0.022694       0.859327        9.626593
1.121463        2.956026        -96.926085      -0.863104       0.104965        10.053779
1.043269        3.653166        -96.924496      -1.273537       -0.044375       10.496063
0.207487        5.470954        -96.362204      -0.777459       0.230863        10.916222
-0.892963       6.821068        -96.367172      -1.600121       -0.398377       10.045863
-1.031721       6.750481        -96.440982      -1.496623       0.067589        10.453043
-0.388777       5.879831        -96.075054      -1.340021       -0.170842       9.909233
-0.038944       5.594198        -95.829999      -1.054811       0.092991        9.714257
0.416215        5.393134        -95.570039      -0.981116       0.280665        9.558599
1.770471        4.694077        -94.990068      -0.414016       0.850734        9.639462
2.599742        4.315739        -94.609411      -0.757939       0.458009        9.401058
2.908509        4.510241        -94.271456      -0.541271       0.529690        9.731812
2.962094        4.600164        -94.036905      -0.674447       0.394306        10.040318
3.028853        4.108782        -93.622928      -0.623107       0.402880        10.131330
3.053604        3.398141        -93.481618      -0.668599       0.250753        9.976136
2.909465        2.122339        -93.543217      -0.380621       0.074134        9.711884
2.657650        1.407455        -93.656663      -0.072897       0.303719        9.524462
2.489216        0.582616        -93.753489      -0.125670       0.130085        9.349950
2.615307        0.119824        -93.740477      0.052116        0.324434        9.177155
2.850049        -0.241278       -93.742668      0.138653        0.524662        9.184442
2.874957        -0.206679       -93.794575      0.280077        0.528584        9.226824
2.648919        0.270073        -93.879392      0.097163        0.500696        9.396440
2.470179        0.629100        -94.058116      -0.107843       0.467114        9.737942
2.418108        0.651790        -94.138129      -0.218338       0.396102        9.742644
2.399333        0.580764        -94.259540      -0.108864       0.367823        9.773886
2.466350        0.543835        -94.284183      -0.046469       0.604378        9.795899
2.666553        0.542054        -94.288430      -0.041332       0.592880        9.752795
2.722648        0.697192        -94.285609      0.038941        0.540889        9.784326
2.738148        0.843638        -94.295426      -0.179814       0.566147        9.721637
2.711210        0.944973        -94.328875      -0.135990       0.503092        9.821995
2.751393        0.954400        -94.308565      -0.200440       0.428715        9.800075
2.788726        0.972429        -94.195902      -0.138358       0.397703        9.738984
2.790723        0.943339        -94.126494      -0.104090       0.528254        9.735017
2.870886        0.908078        -94.123424      -0.236511       0.602478        9.611192
2.897344        0.947328        -94.157703      0.016248        0.440614        9.722077
2.643379        1.335137        -94.213395      -0.085747       0.343492        9.838020
2.449431        1.627478        -94.264591      -0.448750       0.382660        9.882010
2.448259        1.648458        -94.263117      -0.174245       0.441095        9.980989
2.423702        1.587214        -94.314107      -0.241508       0.535201        9.873459
2.411452        1.516525        -94.357268      -0.292750       0.482208        9.830842
2.488943        1.384500        -94.315900      -0.290730       0.504238        9.852386
2.589524        1.295438        -94.230022      -0.331298       0.423439        9.635729
2.544774        1.422762        -94.244129      -0.140796       0.509252        9.737884
2.517530        1.487297        -94.257214      -0.187096       0.458165        9.766200
2.539617        1.486600        -94.210698      -0.187823       0.463252        9.782387
2.628144        1.452509        -94.108243      -0.235977       0.370097        9.789361
2.711544        1.372338        -94.022781      -0.256660       0.384247        9.811471
2.794386        1.307428        -93.988765      -0.155634       0.406726        9.763515
2.641653        1.553221        -94.039546      -0.287151       0.325730        9.729663
2.615662        1.686006        -94.045379      -0.228967       0.619956        9.808821
2.638791        1.763817        -94.029859      -0.342711       0.311822        9.760146
2.626312        1.933923        -94.042706      -0.337792       0.466420        9.826900
2.622140        2.008978        -94.057633      -0.297161       0.443249        9.806561
2.878521        2.068581        -94.032857      -0.332773       0.145946        9.689491
3.580459        2.243940        -93.969483      -0.033799       -0.350065       9.631845
5.211242        3.134344        -93.916764      -0.067382       -0.418707       9.548869
6.206559        3.963824        -93.892347      0.044113        -0.053253       9.890978
7.874164        5.061050        -94.192422      -0.927934       0.433501        9.743032
8.508472        5.389229        -94.690451      -1.136234       0.597677        9.738003
8.982111        5.818660        -96.072092      -1.184433       1.112468        9.800477
8.522822        5.911652        -97.431916      -1.408438       1.652802        9.769217
6.534717        5.484156        -99.552877      -1.160858       3.099218        9.670995
2.047128        4.565253        -101.980825     -1.040967       3.227240        9.683008
-1.868368       3.599989        -103.438166     -1.107606       2.566000        9.923137
-5.726420       2.111089        -104.392550     -1.053498       1.498261        10.002835
-10.631898      -0.638303       -104.243150     -0.702331       -0.104880       9.963485
-12.959221      -1.973125       -103.310758     -0.447567       -1.098567       9.826469
-14.506323      -2.602471       -101.491806     -0.383705       -1.868966       10.133929
-13.243299      -2.435549       -99.000906      0.193058        -2.391444       10.436254
-10.927167      -2.306032       -96.883939      0.303594        -2.668753       10.134645
-7.636477       -2.068540       -94.558729      0.288633        -2.619022       9.814711
-2.054687       -1.610197       -91.304309      0.517312        -2.512655       9.599740
1.783009        -1.313515       -89.539145      0.686714        -2.072438       9.377318
7.644697        -0.491468       -87.837440      0.721050        -0.953383       9.311509
11.568989       0.165592        -87.077367      0.153212        -0.162757       9.149149
17.367533       1.294529        -86.799336      0.129814        1.072085        8.786478
21.387919       3.102426        -86.841105      -0.022215       1.810344        8.948837
23.460254       4.498899        -87.269768      -0.408217       3.027645        8.743551
24.562694       5.827375        -88.039349      -0.776186       3.403032        8.696363
23.845361       7.054503        -89.544347      -0.966148       4.418666        9.017140
21.862551       7.418653        -90.960114      -1.262562       4.232572        9.675184
16.959573       6.952969        -93.582384      -1.353610       3.878763        9.820122
13.378281       6.096849        -95.371268      -1.292678       3.314124        10.157554
7.719634        4.166819        -97.691551      -0.967290       2.595794        9.587388
5.212383        3.264323        -98.700915      -1.277003       2.124743        9.698133
3.041448        1.521209        -99.445747      -0.732773       1.555956        9.677459
2.239012        0.790197        -99.547759      -0.452381       1.042120        9.489808
1.661576        0.312901        -99.661511      -0.112377       0.875709        9.494732
1.531241        0.338478        -99.643787      -0.094101       0.679711        9.525272
1.765295        0.586930        -99.348957      -0.098722       0.536040        9.569547
1.894397        0.927743        -99.149144      -0.015773       0.279950        9.702716
1.980707        1.418672        -98.920076      -0.263847       0.289500        9.906462
2.046816        1.468123        -98.805660      -0.312821       0.092687        10.029892
2.053231        1.385662        -98.634027      -0.290454       0.175072        10.056669
1.985419        1.218776        -98.595920      -0.289012       0.191321        9.785500
1.899790        1.094975        -98.623921      -0.173200       0.178677        9.658897
1.804998        1.002179        -98.633354      -0.042302       0.260133        9.611474
1.736104        1.063150        -98.631751      -0.165831       0.165522        9.644752
1.755265        1.157094        -98.614735      -0.177874       0.190420        9.654525
1.841171        1.424510        -98.602205      -0.195341       0.282232        9.759645
1.934264        1.604135        -98.607850      -0.404732       0.245281        9.693986
2.081681        1.709504        -98.629554      -0.321766       0.359467        9.822352
1.994384        1.738378        -98.608619      -0.230527       0.462433        9.791920
1.483266        1.766458        -98.664003      -0.444073       0.550040        9.962908
0.960729        1.804124        -98.762109      -0.557002       0.485864        10.090190
0.214243        1.708059        -98.888590      -0.405399       0.412588        10.303780
-0.053839       1.576895        -98.792311      -0.455820       -0.011687       10.271791
-0.175248       1.671825        -98.447118      -0.476363       -0.033685       10.598466
-0.062713       1.736159        -98.211311      -0.507876       0.017209        10.754019
0.286585        1.300990        -97.704667      -0.560808       -0.152202       10.761296
0.612413        0.413280        -97.344488      -0.563976       -0.108235       10.397239
1.831509        -1.892983       -96.844762      -0.055584       -0.250649       8.332810
2.801420        -3.397597       -96.717756      0.592329        -0.300324       7.002098
3.774965        -4.568910       -96.736565      1.638489        -0.081054       6.042059
4.176504        -3.912287       -96.674489      1.940692        0.634807        6.171859
4.387581        -0.700014       -96.538907      0.810103        0.924556        8.416230
4.236666        1.974501        -96.564639      -0.118998       0.908116        10.277535
2.858661        5.337343        -96.978988      -1.619798       0.905027        12.974314
1.070981        7.142174        -97.597695      -2.717572       0.705684        13.910639
0.333712        6.769810        -97.791955      -2.513034       0.661798        13.746468
-0.782344       4.580557        -97.767334      -1.837562       0.941784        12.159998
-2.306836       2.064945        -97.800658      -1.294871       0.580868        10.472199
-4.730668       -1.486768       -97.601472      -0.470791       0.672888        8.692654
-6.410666       -3.705392       -97.037644      -0.085672       -0.159507       7.871426
-8.372546       -6.016467       -95.510433      0.884681        -0.857337       7.928984
-8.949749       -6.867414       -94.332229      1.179760        -1.259823       7.912087
-9.002030       -7.083946       -93.278842      1.422818        -1.791911       8.326493
-8.134097       -6.522000       -91.754081      1.015589        -2.329903       8.736401
-7.082723       -5.806348       -90.821408      1.362231        -2.092296       9.092951
-5.510391       -4.434035       -89.754851      1.287477        -2.427243       9.402916
-4.489861       -3.561541       -89.311054      1.236548        -2.870141       9.647074
-2.829326       -2.843927       -89.322788      0.787015        -3.491298       9.888907
-1.317092       -2.556671       -89.713541      0.928921        -3.104194       9.976890
1.883036        -1.646461       -90.778801      0.817238        -1.999384       9.611808
3.685457        -0.702051       -91.678435      0.377904        -1.431045       9.638135
5.845307        0.965487        -93.825183      -0.244105       -0.496876       9.940831
7.337160        1.478090        -96.135139      -0.444945       0.982030        10.062696
8.002258        1.720846        -97.892311      -0.667276       1.289355        9.793141
8.371570        2.252547        -99.920404      -0.783386       2.017284        9.625632
8.678691        2.891353        -102.530642     -0.958846       2.821288        9.577681
8.549423        3.122508        -104.806037     -1.193250       3.769029        9.653863
8.236805        2.988060        -105.979230     -1.242209       4.111980        9.579049
7.710397        2.775103        -106.931257     -1.219506       4.298788        9.520169
6.764503        2.296697        -107.757566     -0.851871       4.160903        9.471194
5.927251        1.823649        -107.964087     -1.059302       3.985019        9.353081
4.262930        1.163315        -107.689860     -1.000915       3.514613        9.313750
2.974838        0.938633        -107.056695     -0.945284       3.037119        9.316846
0.778614        0.800783        -105.345372     -0.785174       2.361878        9.493594
-1.321772       0.798860        -103.345762     -0.956964       1.368295        9.522802
-2.925178       0.870271        -101.645686     -0.852428       0.334896        9.382296
-4.584630       0.820248        -99.871777      -1.001042       -0.976398       9.369460
-6.659551       0.537181        -97.275427      -0.351953       -2.418962       9.640722
-7.623981       0.406674        -95.605595      -0.377098       -3.450900       9.717527
-7.985550       0.304671        -93.285581      0.007047        -4.422544       9.670013
-7.620345       0.284894        -91.991496      0.158523        -4.639187       9.739581
-5.875427       0.387637        -90.522470      0.641945        -4.524505       9.718294
-3.552378       0.607323        -89.503551      0.609962        -4.142962       9.859553
1.681987        1.387788        -88.147446      0.372678        -3.064822       9.274798
6.996613        2.816913        -87.579941      -0.181431       -1.581058       9.093722
10.455091       4.175033        -87.714751      -0.281866       -0.507341       9.105959
12.570579       5.130772        -88.342411      -0.572554       0.092422        9.217145
15.065178       6.294765        -90.670631      -0.966748       1.389846        9.334831
15.966795       6.902113        -92.334124      -1.188655       2.212398        9.326160
16.806413       8.122814        -95.131463      -1.503689       3.258466        9.322055
16.806217       8.942741        -96.865002      -1.760931       3.744954        9.368844
16.354793       9.626217        -99.264571      -2.291656       4.551380        9.682748
15.591777       9.511567        -100.987191     -2.288113       4.737103        9.730903
13.829886       8.983838        -103.247955     -2.478813       4.773912        9.703816
12.324909       8.222949        -104.697475     -2.219843       4.809885        9.561498
9.191509        6.648079        -106.383966     -1.664573       4.393075        9.122471
6.348098        5.728211        -107.211625     -1.578825       4.197293        8.841171
1.508105        4.430332        -108.050818     -1.296287       3.044713        8.887134
-1.743360       3.548168        -108.197899     -1.255264       2.202338        9.073475
-5.618252       1.928356        -107.410534     -0.904415       0.703750        9.475959
-7.410878       1.026643        -106.192960     -0.623978       -0.262869       9.485976
-9.100675       0.396367        -103.963590     -0.611064       -1.068477       9.581807
-9.661229       0.131032        -102.382293     -0.862960       -1.704561       9.501242
-9.882480       -0.190888       -100.121717     -0.482461       -2.505837       9.472583
-9.514387       -0.322112       -98.854637      -0.223388       -2.906497       9.457332
-8.158280       -0.294973       -96.632698      0.413643        -3.346206       9.366054
-7.251199       -0.069894       -95.534928      0.473586        -3.411680       9.456262
-5.396876       0.105431        -94.047883      0.215561        -3.285568       9.523481
-4.093883       -0.167831       -93.403188      0.379761        -2.896453       9.528570
-2.530971       -0.826600       -93.307172      0.526995        -2.370686       9.379067
-1.837369       -1.166243       -93.850726      0.853208        -1.937314       9.364449
-1.028574       -1.116347       -95.208655      0.640040        -0.972454       9.139625
-0.286398       -0.848428       -96.200698      0.253251        -0.527783       9.043072
0.819827        -0.508041       -97.515064      0.281650        0.492554        9.645844
1.171134        -0.259882       -98.694323      -0.408024       0.840486        10.078361
1.058853        -0.255238       -99.293366      -0.579036       1.070998        10.100524
0.761823        -0.425984       -99.696124      -0.535647       1.237789        10.443548
-0.251806       -0.387749       -99.957279      0.248576        0.733732        10.794640
-0.644724       -0.198687       -100.355356     0.191902        0.782121        10.468120
0.109866        0.689613        -101.562300     -0.992619       -0.141888       8.950689
1.804830        1.808072        -102.846269     0.447541        -0.309317       9.305804
2.941753        4.014612        -103.168577     0.368270        -0.261219       9.655900
3.332668        5.399391        -103.147819     -0.661638       0.363356        8.740299
2.660488        6.526452        -103.423325     -1.480232       0.834956        8.780942
1.030364        5.805712        -103.926684     -1.567586       1.252293        9.333683
-2.009062       2.830340        -104.724225     -1.289366       0.548957        10.070295
-4.778124       -0.102129       -105.292535     -0.983903       -0.988954       10.578374
-7.036987       -2.291234       -105.577641     -0.535316       -1.931585       11.755918
-6.332854       -1.736475       -105.261423     -1.111426       -3.086990       8.135286
-4.953908       -0.337182       -104.311840     -1.122715       -1.601455       8.794412
-4.328491       0.163610        -103.452486     0.368911        -0.543629       9.926360
-3.707158       0.333871        -102.663353     0.283101        -0.831649       8.135706
-4.067058       0.139201        -102.518583     0.440861        -0.285588       8.598215
-5.151294       -0.382938       -102.293123     0.399677        -1.118065       8.530439
-6.281758       -0.713887       -102.100557     0.445542        -1.435713       9.135422
-6.397053       -0.216013       -101.938131     0.534974        -1.272339       9.661776
-4.590731       0.712368        -101.899310     4.054947        2.598166        19.599857
-2.921331       2.411442        -102.090990     0.215969        -0.752784       11.322908
-2.029011       3.252237        -102.370360     -0.656624       0.320529        9.428543
-1.186351       3.685984        -102.691813     -1.644303       -0.399210       10.702341
-1.016056       3.766829        -102.827020     -0.810913       0.070573        9.581702
-0.777846       3.464527        -102.811460     -1.200348       -0.219238       9.343397
-0.542672       2.920196        -102.534884     -1.347548       -0.398125       10.313492
-0.468563       1.812803        -101.845207     -0.533111       -0.184064       9.759485
0.072033        1.729241        -101.582828     0.348058        -0.350363       8.565566
0.988341        2.128278        -101.873775     -0.645478       -0.396725       10.066473
1.163934        1.823877        -101.919157     -2.148801       0.593253        9.476439
1.448322        1.342082        -101.936318     -0.110963       0.204164        9.728097
1.597559        1.201945        -101.969697     0.284939        -0.133749       9.775983
1.580306        1.387428        -101.990153     -0.224211       1.044057        9.324083
1.350121        1.524456        -101.910335     -0.485913       1.154631        10.082839
1.012700        1.844901        -101.929696     -0.904607       -0.359301       9.808641
1.043158        1.703669        -101.920654     -0.453418       -1.053109       9.854214
1.183496        1.744048        -101.911325     -0.364393       0.450494        9.818163
1.221245        1.700215        -101.890636     -0.590474       1.001613        9.659931
1.109995        1.756271        -101.880524     0.006252        0.110884        9.839934
1.087205        1.787993        -101.872295     -0.597591       -0.417031       9.785776
1.175888        1.728782        -101.851635     -0.121225       0.297880        9.800357

