5.044075        5.768341        -114.306166     -1.497632       3.062979        9.266920
4.189917        5.606308        -115.053963     -1.318084       2.114197        9.685756
4.189917        5.606308        -115.053963     -1.318084       2.114197        9.685756
3.055962        5.331433        -116.071924     -1.122509       1.538342        9.952211
3.055962        5.331433        -116.071924     -1.122509       1.538342        9.952211
2.465539        5.127556        -116.620670     -1.178858       1.234601        10.191701
2.465539        5.127556        -116.620670     -1.178858       1.234601        10.191701
1.855880        4.817201        -117.249875     -1.163659       0.720836        10.370075
1.855880        4.817201        -117.249875     -1.163659       0.720836        10.370075
1.689032        4.629430        -117.523098     -1.213777       0.342623        10.349103
1.689032        4.629430        -117.523098     -1.213777       0.342623        10.349103
1.860502        4.470862        -117.707741     -1.081715       -0.094287       10.435845
1.860502        4.470862        -117.707741     -1.081715       -0.094287       10.435845
2.843845        4.474456        -117.695093     -0.906674       -0.814604       10.524789
2.843845        4.474456        -117.695093     -0.906674       -0.814604       10.524789
4.500280        4.687231        -117.485225     -0.492866       -1.588626       10.809376
4.500280        4.687231        -117.485225     -0.492866       -1.588626       10.809376
6.987628        5.073823        -117.074356     -0.646658       -2.204611       10.892197
6.987628        5.073823        -117.074356     -0.646658       -2.204611       10.892197
10.343672       5.576123        -116.390746     -0.854422       -1.970026       10.676755
10.343672       5.576123        -116.390746     -0.854422       -1.970026       10.676755
13.346424       5.991058        -115.726018     -0.761808       -2.019673       10.394433
13.346424       5.991058        -115.726018     -0.761808       -2.019673       10.394433
18.318383       6.669053        -114.608368     -0.714807       -2.017214       9.998064
18.318383       6.669053        -114.608368     -0.714807       -2.017214       9.998064
22.663326       7.294840        -113.679339     -0.897205       -1.220728       9.416242
22.663326       7.294840        -113.679339     -0.897205       -1.220728       9.416242
26.966567       7.925390        -112.915267     -1.177454       -0.355169       8.859331
26.966567       7.925390        -112.915267     -1.177454       -0.355169       8.859331
30.986037       8.472863        -112.488096     -1.502012       0.953660        8.248372
30.986037       8.472863        -112.488096     -1.502012       0.953660        8.248372
34.475874       8.936021        -112.483840     -1.366640       3.030073        7.611934
34.475874       8.936021        -112.483840     -1.366640       3.030073        7.611934
36.723280       9.260087        -112.788347     -1.379585       5.035636        7.133390
36.723280       9.260087        -112.788347     -1.379585       5.035636        7.133390
38.817498       9.681011        -113.571755     -1.387830       6.010810        6.802979
38.817498       9.681011        -113.571755     -1.387830       6.010810        6.802979
39.931130       10.147092       -114.697769     -2.136860       6.630349        6.447472
39.931130       10.147092       -114.697769     -2.136860       6.630349        6.447472
40.110806       10.633142       -116.135451     -3.093602       7.733641        6.063186
40.110806       10.633142       -116.135451     -3.093602       7.733641        6.063186
39.277580       11.021796       -117.873104     -3.195895       9.068439        6.174325
39.277580       11.021796       -117.873104     -3.195895       9.068439        6.174325
37.391036       11.168087       -119.899710     -3.163724       9.995605        6.466733
37.391036       11.168087       -119.899710     -3.163724       9.995605        6.466733
34.428106       10.993161       -122.201246     -3.408366       10.916559       6.743293
34.428106       10.993161       -122.201246     -3.408366       10.916559       6.743293
30.305091       10.389724       -124.708159     -3.725225       11.889997       6.964492
30.305091       10.389724       -124.708159     -3.725225       11.889997       6.964492
25.172620       9.257835        -127.235581     -3.595943       11.922367       7.275007
25.172620       9.257835        -127.235581     -3.595943       11.922367       7.275007
19.221315       7.576132        -129.609602     -3.069964       10.215916       7.492852
19.221315       7.576132        -129.609602     -3.069964       10.215916       7.492852
13.457536       5.650170        -131.438739     -2.697624       7.515280        7.502002
13.457536       5.650170        -131.438739     -2.697624       7.515280        7.502002
8.036762        3.697076        -132.748953     -1.877037       5.464589        7.552308
8.036762        3.697076        -132.748953     -1.877037       5.464589        7.552308
3.282940        1.993741        -133.514106     -1.467914       4.067742        7.855540
3.282940        1.993741        -133.514106     -1.467914       4.067742        7.855540
-0.562421       0.666319        -133.758815     -1.218860       2.405521        8.129515
-0.562421       0.666319        -133.758815     -1.218860       2.405521        8.129515
-3.363068       -0.203235       -133.540279     -0.931213       1.222687        8.344103
-3.363068       -0.203235       -133.540279     -0.931213       1.222687        8.344103
-5.148324       -0.594533       -132.959600     -0.447227       0.249247        8.656741
-5.148324       -0.594533       -132.959600     -0.447227       0.249247        8.656741
-5.960885       -0.590344       -132.096298     0.255927        -1.024660       8.798160
-5.960885       -0.590344       -132.096298     0.255927        -1.024660       8.798160
-5.966524       -0.369879       -131.338309     0.437668        -1.596709       8.997840
-5.966524       -0.369879       -131.338309     0.437668        -1.596709       8.997840
-5.201555       0.191369        -130.229828     0.600923        -2.140787       9.238507
-5.201555       0.191369        -130.229828     0.600923        -2.140787       9.238507
-4.141929       0.766521        -129.425738     0.440299        -2.324616       9.387799
-4.141929       0.766521        -129.425738     0.440299        -2.324616       9.387799
-2.871125       1.343050        -128.801421     -0.012993       -2.624644       9.379796
-2.871125       1.343050        -128.801421     -0.012993       -2.624644       9.379796
-1.527649       1.881532        -128.384768     -0.413686       -2.399445       9.367533
-1.527649       1.881532        -128.384768     -0.413686       -2.399445       9.367533
-0.520812       2.280991        -128.158442     -0.855199       -1.322850       9.291616
-0.520812       2.280991        -128.158442     -0.855199       -1.322850       9.291616
0.727785        2.782600        -127.914100     -0.804194       -0.344619       9.461658
0.727785        2.782600        -127.914100     -0.804194       -0.344619       9.461658
1.366076        3.026350        -127.764201     -0.730462       0.459715        9.568233
1.366076        3.026350        -127.764201     -0.730462       0.459715        9.568233
1.821917        3.189386        -127.592722     -0.545795       1.209293        9.633419
1.821917        3.189386        -127.592722     -0.545795       1.209293        9.633419
1.878012        3.243558        -127.424875     -0.512520       1.695133        9.777279
1.878012        3.243558        -127.424875     -0.512520       1.695133        9.777279
1.474432        3.212824        -127.375822     -0.387897       2.512410        9.969963
1.474432        3.212824        -127.375822     -0.387897       2.512410        9.969963
0.588945        3.133936        -127.452248     -0.661020       3.045848        9.886495
0.588945        3.133936        -127.452248     -0.661020       3.045848        9.886495
-0.882828       3.017345        -127.655028     -0.954300       3.433815        9.880791
-0.882828       3.017345        -127.655028     -0.954300       3.433815        9.880791
-3.048844       2.840737        -128.016528     -1.144662       3.758004        9.821135
-3.048844       2.840737        -128.016528     -1.144662       3.758004        9.821135
-5.456692       2.609891        -128.460350     -1.285516       3.884757        9.856669
-5.456692       2.609891        -128.460350     -1.285516       3.884757        9.856669
-9.662604       2.108549        -129.286979     -1.229265       3.150064        9.910583
-9.662604       2.108549        -129.286979     -1.229265       3.150064        9.910583
-13.651617      1.566738        -130.038653     -1.360189       1.895927        9.487363
-13.651617      1.566738        -130.038653     -1.360189       1.895927        9.487363
-17.969584      0.997168        -130.760275     -1.424504       0.876273        9.105934
-17.969584      0.997168        -130.760275     -1.424504       0.876273        9.105934
-22.450257      0.392439        -131.424751     -1.441653       -0.516279       8.827850
-22.450257      0.392439        -131.424751     -1.441653       -0.516279       8.827850
-26.818483      -0.286054       -131.932606     -1.435809       -2.099268       8.333093
-26.818483      -0.286054       -131.932606     -1.435809       -2.099268       8.333093
-30.821971      -1.033873       -132.151786     -0.940611       -3.993091       8.266947
-30.821971      -1.033873       -132.151786     -0.940611       -3.993091       8.266947
-33.655878      -1.613079       -132.070389     -0.745182       -4.734843       8.279456
-33.655878      -1.613079       -132.070389     -0.745182       -4.734843       8.279456
-36.865979      -2.266239       -131.606195     -0.565828       -5.102546       8.125043
-36.865979      -2.266239       -131.606195     -0.565828       -5.102546       8.125043
-39.389946      -2.836254       -130.800197     -0.813435       -5.673474       7.623936
-39.389946      -2.836254       -130.800197     -0.813435       -5.673474       7.623936
-41.279282      -3.394705       -129.651456     -0.022926       -7.280414       7.118546
-41.279282      -3.394705       -129.651456     -0.022926       -7.280414       7.118546
-42.532067      -3.903306       -128.300372     0.915743        -8.749455       7.127644
-42.532067      -3.903306       -128.300372     0.915743        -8.749455       7.127644
-43.167295      -4.315534       -126.890914     0.548383        -9.072312       6.605626
-43.167295      -4.315534       -126.890914     0.548383        -9.072312       6.605626
-43.244923      -4.549736       -125.487902     0.270148        -9.188478       6.023079
-43.244923      -4.549736       -125.487902     0.270148        -9.188478       6.023079
-42.833727      -4.540055       -124.192545     0.599258        -8.975440       6.204149
-42.833727      -4.540055       -124.192545     0.599258        -8.975440       6.204149
-41.923979      -4.279069       -123.073102     0.758416        -9.092051       6.276113
-41.923979      -4.279069       -123.073102     0.758416        -9.092051       6.276113
-40.464206      -3.768007       -122.034599     0.666250        -9.356862       6.253534
-40.464206      -3.768007       -122.034599     0.666250        -9.356862       6.253534
-38.235296      -3.006898       -120.969219     0.804655        -9.757157       6.395810
-38.235296      -3.006898       -120.969219     0.804655        -9.757157       6.395810
-35.349285      -2.052768       -119.899965     1.410410        -9.896640       7.036217
-35.349285      -2.052768       -119.899965     1.410410        -9.896640       7.036217
-31.700736      -0.970400       -118.733236     1.466285        -9.918132       7.596357
-31.700736      -0.970400       -118.733236     1.466285        -9.918132       7.596357
-27.376119      0.072728        -117.399841     1.256006        -9.687078       7.688198
-27.376119      0.072728        -117.399841     1.256006        -9.687078       7.688198
-22.592421      0.983525        -115.925314     1.105734        -9.158167       7.740032
-22.592421      0.983525        -115.925314     1.105734        -9.158167       7.740032
-17.581318      1.736084        -114.468427     0.988501        -8.520645       7.723477
-17.581318      1.736084        -114.468427     0.988501        -8.520645       7.723477
-12.632402      2.357340        -113.109216     -0.043521       -7.306266       7.503587
-12.632402      2.357340        -113.109216     -0.043521       -7.306266       7.503587
-7.921085       2.820910        -112.002876     -0.936573       -6.822259       7.416803
-7.921085       2.820910        -112.002876     -0.936573       -6.822259       7.416803
-3.527662       3.164080        -111.278047     -1.504248       -5.515273       7.716862
-3.527662       3.164080        -111.278047     -1.504248       -5.515273       7.716862
0.084721        3.399218        -111.025803     -1.610295       -3.805742       8.126046
0.084721        3.399218        -111.025803     -1.610295       -3.805742       8.126046
3.016000        3.535527        -111.134735     -1.051142       -1.982445       8.503746
3.016000        3.535527        -111.134735     -1.051142       -1.982445       8.503746
5.192431        3.621286        -111.508946     -0.760799       0.199402        8.705475
5.192431        3.621286        -111.508946     -0.760799       0.199402        8.705475
6.615089        3.682964        -112.053287     -0.422827       1.593379        8.716063
6.615089        3.682964        -112.053287     -0.422827       1.593379        8.716063
7.407624        3.735445        -112.657897     -0.266764       2.466086        8.924084
7.407624        3.735445        -112.657897     -0.266764       2.466086        8.924084
7.681742        3.794736        -113.162157     -0.069637       2.620358        9.133919
7.681742        3.794736        -113.162157     -0.069637       2.620358        9.133919
7.685907        3.920667        -113.818599     0.022789        2.549462        9.200823
7.685907        3.920667        -113.818599     0.022789        2.549462        9.200823
7.283905        4.108963        -114.523557     -0.294212       2.843434        9.279014
7.283905        4.108963        -114.523557     -0.294212       2.843434        9.279014
6.718330        4.260374        -115.098948     -0.715144       2.368052        9.451523
6.718330        4.260374        -115.098948     -0.715144       2.368052        9.451523
6.176501        4.358659        -115.549713     -0.883820       1.881681        9.479056
6.176501        4.358659        -115.549713     -0.883820       1.881681        9.479056
5.310299        4.449996        -116.213022     -1.243450       1.425598        9.630849
5.310299        4.449996        -116.213022     -1.243450       1.425598        9.630849
4.739689        4.443839        -116.640154     -1.354183       1.262791        9.835257
4.739689        4.443839        -116.640154     -1.354183       1.262791        9.835257
3.966339        4.302576        -117.221908     -1.436437       1.109407        9.793313
3.966339        4.302576        -117.221908     -1.436437       1.109407        9.793313
3.554774        4.135194        -117.593895     -1.226671       0.686975        9.910417
3.554774        4.135194        -117.593895     -1.226671       0.686975        9.910417
3.238777        3.877033        -118.032883     -1.176781       0.351750        9.815364
3.238777        3.877033        -118.032883     -1.176781       0.351750        9.815364
3.269351        3.728942        -118.298757     -1.242417       -0.066279       9.650929
3.269351        3.728942        -118.298757     -1.242417       -0.066279       9.650929
3.650340        3.710518        -118.495344     -0.909663       -0.814864       9.616341
3.650340        3.710518        -118.495344     -0.909663       -0.814864       9.616341
4.283034        3.829487        -118.611216     -0.516474       -1.683760       9.839958
4.283034        3.829487        -118.611216     -0.516474       -1.683760       9.839958
5.856167        4.293675        -118.720431     -0.234820       -2.104076       9.912915
5.856167        4.293675        -118.720431     -0.234820       -2.104076       9.912915
7.724064        4.925948        -118.710650     -0.212487       -2.389830       10.055521
7.724064        4.925948        -118.710650     -0.212487       -2.389830       10.055521
10.100741       5.693392        -118.563315     -0.546871       -2.635020       10.079484
10.100741       5.693392        -118.563315     -0.546871       -2.635020       10.079484
12.959452       6.516633        -118.258457     -0.889589       -2.634733       10.083917
12.959452       6.516633        -118.258457     -0.889589       -2.634733       10.083917
15.726988       7.240311        -117.900098     -0.952123       -2.497835       10.054803
15.726988       7.240311        -117.900098     -0.952123       -2.497835       10.054803
19.470273       8.138276        -117.411063     -0.995957       -2.341846       10.201193
19.470273       8.138276        -117.411063     -0.995957       -2.341846       10.201193
23.566140       9.007251        -116.933978     -1.537051       -1.585328       10.097344
23.566140       9.007251        -116.933978     -1.537051       -1.585328       10.097344
27.773584       9.827950        -116.588369     -2.212405       -0.646300       9.739114
27.773584       9.827950        -116.588369     -2.212405       -0.646300       9.739114
31.947043       10.501096       -116.501860     -3.255551       0.407784        9.301026
31.947043       10.501096       -116.501860     -3.255551       0.407784        9.301026
35.923173       10.924888       -116.725310     -3.654455       1.909953        8.522422
35.923173       10.924888       -116.725310     -3.654455       1.909953        8.522422
39.359189       11.176898       -117.343267     -3.685833       4.387602        7.553584
39.359189       11.176898       -117.343267     -3.685833       4.387602        7.553584
41.921588       11.359347       -118.398675     -3.568257       6.913776        6.747165
41.921588       11.359347       -118.398675     -3.568257       6.913776        6.747165
43.426542       11.510597       -119.955827     -3.099682       8.651651        6.143938
43.426542       11.510597       -119.955827     -3.099682       8.651651        6.143938
43.579184       11.572256       -121.890502     -2.770727       10.166499       5.518944
43.579184       11.572256       -121.890502     -2.770727       10.166499       5.518944
42.392165       11.483337       -124.176983     -2.271976       11.574213       5.209774
42.392165       11.483337       -124.176983     -2.271976       11.574213       5.209774
39.971343       11.191254       -126.722986     -2.144108       12.268792       4.942662
39.971343       11.191254       -126.722986     -2.144108       12.268792       4.942662
36.526539       10.657680       -129.385202     -2.245995       12.838887       4.787359
36.526539       10.657680       -129.385202     -2.245995       12.838887       4.787359
32.314021       9.854057        -131.992056     -2.587244       12.865356       4.824897
32.314021       9.854057        -131.992056     -2.587244       12.865356       4.824897
27.587228       8.810144        -134.374572     -2.727865       12.282932       4.884838
27.587228       8.810144        -134.374572     -2.727865       12.282932       4.884838
23.600834       7.858127        -136.013101     -3.143091       11.469775       5.081609
23.600834       7.858127        -136.013101     -3.143091       11.469775       5.081609
17.388421       6.316491        -137.969789     -3.161594       10.239018       5.623386
17.388421       6.316491        -137.969789     -3.161594       10.239018       5.623386
13.537051       5.355213        -138.855610     -2.556255       7.931036        6.450893
13.537051       5.355213        -138.855610     -2.556255       7.931036        6.450893
8.302406        4.143159        -139.661412     -1.915527       5.789061        7.434867
8.302406        4.143159        -139.661412     -1.915527       5.789061        7.434867
4.683120        3.422446        -139.865659     -1.178592       3.437023        8.303261
4.683120        3.422446        -139.865659     -1.178592       3.437023        8.303261
1.867702        2.976848        -139.711484     -0.624191       1.543163        9.162165
1.867702        2.976848        -139.711484     -0.624191       1.543163        9.162165
-0.118783       2.734097        -139.256639     -0.368875       -0.190177       9.603948
-0.118783       2.734097        -139.256639     -0.368875       -0.190177       9.603948
-1.317587       2.641651        -138.545408     -0.261347       -1.548061       9.831810
-1.317587       2.641651        -138.545408     -0.261347       -1.548061       9.831810
-1.859095       2.647315        -137.647295     -0.631023       -2.119399       10.011268
-1.859095       2.647315        -137.647295     -0.631023       -2.119399       10.011268
-1.914623       2.662876        -136.950276     -1.100853       -1.859145       9.828382
-1.914623       2.662876        -136.950276     -1.100853       -1.859145       9.828382
-1.655472       2.660410        -136.073640     -1.157062       -1.427234       9.395845
-1.655472       2.660410        -136.073640     -1.157062       -1.427234       9.395845
-1.363451       2.667449        -135.691845     -1.120620       -1.151777       9.566713
-1.363451       2.667449        -135.691845     -1.120620       -1.151777       9.566713
-0.927932       2.720334        -135.437424     -1.250634       -1.152511       9.382101
-0.927932       2.720334        -135.437424     -1.250634       -1.152511       9.382101
-0.458414       2.809300        -135.352945     -1.108830       -0.886076       9.278682
-0.458414       2.809300        -135.352945     -1.108830       -0.886076       9.278682
0.044416        2.910132        -135.363396     -0.880634       -0.408286       9.254545
0.044416        2.910132        -135.363396     -0.880634       -0.408286       9.254545
0.294727        2.948369        -135.370314     -0.804174       0.577957        9.289402
0.294727        2.948369        -135.370314     -0.804174       0.577957        9.289402
0.482584        2.943704        -135.329635     -0.885146       1.188089        9.231894
0.482584        2.943704        -135.329635     -0.885146       1.188089        9.231894
0.472004        2.905873        -135.256467     -1.089686       1.903773        9.192531
0.472004        2.905873        -135.256467     -1.089686       1.903773        9.192531
0.288137        2.882547        -135.183905     -1.020169       2.262528        9.217950
0.288137        2.882547        -135.183905     -1.020169       2.262528        9.217950
0.000546        2.893954        -135.130130     -1.017328       2.589092        9.365203
0.000546        2.893954        -135.130130     -1.017328       2.589092        9.365203
-0.611961       2.946962        -135.058493     -0.876881       2.471441        9.558445
-0.611961       2.946962        -135.058493     -0.876881       2.471441        9.558445
-1.284150       2.984993        -134.994523     -0.639175       2.322760        9.645897
-1.284150       2.984993        -134.994523     -0.639175       2.322760        9.645897
-2.120046       3.030049        -134.946998     -0.463122       2.244510        9.825216
-2.120046       3.030049        -134.946998     -0.463122       2.244510        9.825216
-3.094307       3.112494        -134.928808     -0.774810       1.895044        9.935508
-3.094307       3.112494        -134.928808     -0.774810       1.895044        9.935508
-3.983536       3.203557        -134.908197     -1.342971       1.538014        9.727436
-3.983536       3.203557        -134.908197     -1.342971       1.538014        9.727436
-5.093009       3.331666        -134.862300     -1.650300       1.117834        9.505024
-5.093009       3.331666        -134.862300     -1.650300       1.117834        9.505024
-6.250978       3.471249        -134.776231     -1.733125       0.633178        9.576708
-6.250978       3.471249        -134.776231     -1.733125       0.633178        9.576708
-7.461147       3.563566        -134.587291     -1.947008       0.146206        9.644024
-7.461147       3.563566        -134.587291     -1.947008       0.146206        9.644024
-8.682611       3.530888        -134.264190     -1.885192       -0.210793       9.699553
-8.682611       3.530888        -134.264190     -1.885192       -0.210793       9.699553
-9.844162       3.338975        -133.787206     -1.633940       -0.714769       9.592875
-9.844162       3.338975        -133.787206     -1.633940       -0.714769       9.592875
-10.935585      3.049002        -133.113623     -1.503642       -1.137196       9.582696
-10.935585      3.049002        -133.113623     -1.503642       -1.137196       9.582696
-12.153753      2.712479        -131.954601     -1.544757       -1.537136       9.673810
-12.153753      2.712479        -131.954601     -1.544757       -1.537136       9.673810
-12.805216      2.523001        -131.055088     -1.522588       -1.882398       9.508986
-12.805216      2.523001        -131.055088     -1.522588       -1.882398       9.508986
-13.450505      2.294251        -129.834322     -1.471695       -2.333066       9.294482
-13.450505      2.294251        -129.834322     -1.471695       -2.333066       9.294482
-13.925552      2.104838        -128.568170     -1.326375       -3.191306       9.275762
-13.925552      2.104838        -128.568170     -1.326375       -3.191306       9.275762
-14.224756      1.984039        -127.281894     -1.190652       -3.783378       9.397626
-14.224756      1.984039        -127.281894     -1.190652       -3.783378       9.397626
-14.344376      1.905659        -126.001816     -0.883950       -3.808223       9.282191
-14.344376      1.905659        -126.001816     -0.883950       -3.808223       9.282191
-14.346537      1.824096        -124.745667     -0.722486       -3.744892       9.148305
-14.346537      1.824096        -124.745667     -0.722486       -3.744892       9.148305
-14.290505      1.745910        -123.754360     -0.451332       -4.274384       9.129812
-14.290505      1.745910        -123.754360     -0.451332       -4.274384       9.129812
-14.089422      1.625509        -122.215467     -0.216440       -5.016054       9.006395
-14.089422      1.625509        -122.215467     -0.216440       -5.016054       9.006395
-13.764442      1.581813        -121.002992     0.119346        -5.566144       9.069728
-13.764442      1.581813        -121.002992     0.119346        -5.566144       9.069728
-13.278672      1.609311        -119.850043     0.315715        -5.735030       9.131201
-13.278672      1.609311        -119.850043     0.315715        -5.735030       9.131201
-12.650281      1.702847        -118.735447     0.271254        -6.086539       8.918083
-12.650281      1.702847        -118.735447     0.271254        -6.086539       8.918083
-11.848252      1.862589        -117.638028     0.291945        -6.541392       8.837312
-11.848252      1.862589        -117.638028     0.291945        -6.541392       8.837312
-10.848439      2.074491        -116.578703     0.332905        -6.887309       8.932878
-10.848439      2.074491        -116.578703     0.332905        -6.887309       8.932878
-9.682958       2.298000        -115.607395     0.541575        -6.887952       8.994505
-9.682958       2.298000        -115.607395     0.541575        -6.887952       8.994505
-8.395826       2.537819        -114.785541     0.617282        -6.703770       9.121048
-8.395826       2.537819        -114.785541     0.617282        -6.703770       9.121048
-6.931070       2.839010        -114.134974     0.424300        -6.552771       9.373707
-6.931070       2.839010        -114.134974     0.424300        -6.552771       9.373707
-5.411864       3.188487        -113.691793     0.377320        -6.332363       9.555941
-5.411864       3.188487        -113.691793     0.377320        -6.332363       9.555941
-3.802005       3.538923        -113.426301     0.197493        -6.081416       9.701218
-3.802005       3.538923        -113.426301     0.197493        -6.081416       9.701218
-2.149216       3.800910        -113.339159     -0.151551       -5.714028       9.848695
-2.149216       3.800910        -113.339159     -0.151551       -5.714028       9.848695
-0.506639       3.922663        -113.436347     -0.282505       -5.138743       9.961841
-0.506639       3.922663        -113.436347     -0.282505       -5.138743       9.961841
1.122399        3.919019        -113.705275     -0.333588       -4.728370       9.942525
1.122399        3.919019        -113.705275     -0.333588       -4.728370       9.942525
2.763736        3.854246        -114.145891     -0.567881       -4.516869       9.774199
2.763736        3.854246        -114.145891     -0.567881       -4.516869       9.774199
4.127267        3.807208        -114.635909     -0.914888       -4.479321       9.521226
4.127267        3.807208        -114.635909     -0.914888       -4.479321       9.521226
6.340037        3.771446        -115.632778     -1.161987       -4.043328       9.383690
6.340037        3.771446        -115.632778     -1.161987       -4.043328       9.383690
7.796361        3.778567        -116.398841     -0.943307       -2.769036       9.524803
7.796361        3.778567        -116.398841     -0.943307       -2.769036       9.524803
9.985327        3.856141        -117.688968     -0.944353       -1.823177       9.491939
9.985327        3.856141        -117.688968     -0.944353       -1.823177       9.491939
11.798975       3.991595        -118.873399     -1.425900       -0.816162       9.219662
11.798975       3.991595        -118.873399     -1.425900       -0.816162       9.219662
13.570430       4.189127        -120.145270     -1.690854       0.004735        8.944775
13.570430       4.189127        -120.145270     -1.690854       0.004735        8.944775
15.277344       4.458215        -121.501542     -1.782199       0.720903        8.793298
15.277344       4.458215        -121.501542     -1.782199       0.720903        8.793298
16.899744       4.831054        -122.946787     -1.862545       1.689500        8.615347
16.899744       4.831054        -122.946787     -1.862545       1.689500        8.615347
18.157254       5.235518        -124.213170     -2.115039       2.743267        8.467159
18.157254       5.235518        -124.213170     -2.115039       2.743267        8.467159
19.458852       5.786746        -125.752581     -2.411414       3.481399        8.384390
19.458852       5.786746        -125.752581     -2.411414       3.481399        8.384390
20.507563       6.341911        -127.310153     -2.341843       4.313598        8.233867
20.507563       6.341911        -127.310153     -2.341843       4.313598        8.233867
21.277706       6.852230        -128.885775     -2.274671       5.058621        8.164699
21.277706       6.852230        -128.885775     -2.274671       5.058621        8.164699
21.762567       7.318900        -130.490421     -2.146271       5.774375        8.181540
21.762567       7.318900        -130.490421     -2.146271       5.774375        8.181540
21.976218       7.735398        -132.088942     -2.411658       6.286175        8.134057
21.976218       7.735398        -132.088942     -2.411658       6.286175        8.134057
21.947844       8.079059        -133.646610     -2.790364       6.773137        8.084524
21.947844       8.079059        -133.646610     -2.790364       6.773137        8.084524
21.722593       8.323085        -135.157387     -2.904592       6.990732        8.136383
21.722593       8.323085        -135.157387     -2.904592       6.990732        8.136383
21.372766       8.452705        -136.624114     -2.746798       7.037589        8.257580
21.372766       8.452705        -136.624114     -2.746798       7.037589        8.257580
20.905424       8.483253        -138.117884     -2.697965       7.294877        8.327221
20.905424       8.483253        -138.117884     -2.697965       7.294877        8.327221
20.356864       8.442410        -139.509697     -2.764711       7.584437        8.251702
20.356864       8.442410        -139.509697     -2.764711       7.584437        8.251702
19.711750       8.374587        -140.809510     -2.955218       7.993314        8.152440
19.711750       8.374587        -140.809510     -2.955218       7.993314        8.152440
18.937825       8.319398        -142.036720     -2.948007       7.822218        8.064908
18.937825       8.319398        -142.036720     -2.948007       7.822218        8.064908
18.015491       8.299288        -143.216300     -2.922454       7.793180        8.115988
18.015491       8.299288        -143.216300     -2.922454       7.793180        8.115988
16.962550       8.281296        -144.338656     -2.945959       7.555437        8.263956
16.962550       8.281296        -144.338656     -2.945959       7.555437        8.263956
15.820928       8.207709        -145.355277     -2.738004       7.254177        8.353615
15.820928       8.207709        -145.355277     -2.738004       7.254177        8.353615
14.578847       8.045993        -146.224189     -2.542885       7.093365        8.364887
14.578847       8.045993        -146.224189     -2.542885       7.093365        8.364887
13.323191       7.828041        -146.851336     -2.547004       6.798176        8.297685
13.323191       7.828041        -146.851336     -2.547004       6.798176        8.297685
12.283792       7.648216        -147.214476     -2.699415       6.400026        8.205286
12.283792       7.648216        -147.214476     -2.699415       6.400026        8.205286
10.682984       7.423430        -147.513395     -2.819710       6.146451        8.197771
10.682984       7.423430        -147.513395     -2.819710       6.146451        8.197771
9.630381        7.298732        -147.527062     -2.694453       5.910331        8.315048
9.630381        7.298732        -147.527062     -2.694453       5.910331        8.315048
8.133659        7.106078        -147.248636     -2.463140       5.607840        8.390616
8.133659        7.106078        -147.248636     -2.463140       5.607840        8.390616
7.009932        6.930534        -146.747885     -2.493142       5.087162        8.506246
7.009932        6.930534        -146.747885     -2.493142       5.087162        8.506246
5.980442        6.719372        -145.928885     -2.880437       4.769174        8.440084
5.980442        6.719372        -145.928885     -2.880437       4.769174        8.440084
5.128882        6.503880        -144.888526     -2.862958       4.359228        8.463370
5.128882        6.503880        -144.888526     -2.862958       4.359228        8.463370
4.414728        6.311412        -143.633759     -2.828343       3.872025        8.494716
4.414728        6.311412        -143.633759     -2.828343       3.872025        8.494716
3.950239        6.199449        -142.496222     -2.754641       3.259757        8.671091
3.950239        6.199449        -142.496222     -2.754641       3.259757        8.671091
3.437487        6.145027        -140.646978     -2.637455       2.782864        8.793235
3.437487        6.145027        -140.646978     -2.637455       2.782864        8.793235
3.175411        6.217537        -139.039860     -2.669728       2.417124        9.022140
3.175411        6.217537        -139.039860     -2.669728       2.417124        9.022140
3.078546        6.337887        -137.731393     -2.603249       2.188957        9.239853
3.078546        6.337887        -137.731393     -2.603249       2.188957        9.239853
3.095764        6.594177        -135.656493     -2.582925       2.002753        9.442595
3.095764        6.594177        -135.656493     -2.582925       2.002753        9.442595
3.212296        6.833111        -133.954498     -2.519574       1.801053        9.592811
3.212296        6.833111        -133.954498     -2.519574       1.801053        9.592811
3.345040        7.043472        -132.597141     -2.603171       1.453540        9.712396
3.345040        7.043472        -132.597141     -2.603171       1.453540        9.712396
3.592171        7.356249        -130.578092     -2.546355       1.093427        9.814645
3.592171        7.356249        -130.578092     -2.546355       1.093427        9.814645
3.813885        7.592573        -128.944586     -2.323977       0.819117        10.004143
3.813885        7.592573        -128.944586     -2.323977       0.819117        10.004143
3.954727        7.744217        -127.667278     -2.336903       0.346103        9.880996
3.954727        7.744217        -127.667278     -2.336903       0.346103        9.880996
4.078604        7.892347        -125.823006     -2.443555       -0.071056       9.802688
4.078604        7.892347        -125.823006     -2.443555       -0.071056       9.802688
4.112010        7.946090        -124.347458     -2.089761       -0.925249       9.774975
4.112010        7.946090        -124.347458     -2.089761       -0.925249       9.774975
4.083744        7.971429        -122.931839     -1.826890       -1.234813       9.800582
4.083744        7.971429        -122.931839     -1.826890       -1.234813       9.800582
3.998218        8.006222        -121.801386     -1.848167       -1.471056       9.555587
3.998218        8.006222        -121.801386     -1.848167       -1.471056       9.555587
3.824733        8.092777        -120.533644     -1.959970       -1.781685       9.444978
3.824733        8.092777        -120.533644     -1.959970       -1.781685       9.444978
3.598159        8.219843        -119.353360     -1.847043       -2.338089       9.443973
3.598159        8.219843        -119.353360     -1.847043       -2.338089       9.443973
3.338627        8.358427        -118.269771     -1.658752       -2.705427       9.601162
3.338627        8.358427        -118.269771     -1.658752       -2.705427       9.601162
3.068940        8.486228        -117.302735     -1.607065       -2.945249       9.733540
3.068940        8.486228        -117.302735     -1.607065       -2.945249       9.733540
2.808443        8.568935        -116.471921     -1.553205       -3.307727       9.913716
2.808443        8.568935        -116.471921     -1.553205       -3.307727       9.913716
2.537990        8.580537        -115.767538     -1.491386       -3.282112       10.051378
2.537990        8.580537        -115.767538     -1.491386       -3.282112       10.051378
2.232347        8.516905        -115.212441     -1.295076       -3.226871       10.179359
2.232347        8.516905        -115.212441     -1.295076       -3.226871       10.179359
1.877749        8.388224        -114.806944     -1.073053       -3.179288       10.199315
1.877749        8.388224        -114.806944     -1.073053       -3.179288       10.199315
1.500788        8.211281        -114.588727     -0.927241       -3.151909       10.282945
1.500788        8.211281        -114.588727     -0.927241       -3.151909       10.282945
1.041423        7.974532        -114.508594     -0.822721       -2.895685       10.395882
1.041423        7.974532        -114.508594     -0.822721       -2.895685       10.395882
0.475893        7.659663        -114.558950     -0.917437       -2.642077       10.583424
0.475893        7.659663        -114.558950     -0.917437       -2.642077       10.583424
-0.176637       7.264851        -114.701578     -0.815551       -2.741538       10.562113
-0.176637       7.264851        -114.701578     -0.815551       -2.741538       10.562113
-0.858051       6.822744        -114.903800     -0.773486       -2.880737       10.292039
-0.858051       6.822744        -114.903800     -0.773486       -2.880737       10.292039
-1.511748       6.346184        -115.149243     -0.867322       -3.178710       10.096030
-1.511748       6.346184        -115.149243     -0.867322       -3.178710       10.096030
-2.124604       5.831535        -115.442145     -0.765349       -3.504710       9.878098
-2.124604       5.831535        -115.442145     -0.765349       -3.504710       9.878098
-2.530078       5.458235        -115.687322     -0.536872       -3.746225       9.795816
-2.530078       5.458235        -115.687322     -0.536872       -3.746225       9.795816
-2.921539       5.043623        -116.023787     -0.367262       -3.778518       9.748791
-2.921539       5.043623        -116.023787     -0.367262       -3.778518       9.748791
-3.211424       4.632399        -116.477118     -0.411127       -3.792042       9.511177
-3.211424       4.632399        -116.477118     -0.411127       -3.792042       9.511177
-3.280280       4.386717        -116.915148     -0.284234       -3.856140       9.443303
-3.280280       4.386717        -116.915148     -0.284234       -3.856140       9.443303
-3.179056       4.253223        -117.402366     -0.431322       -3.958540       9.425489
-3.179056       4.253223        -117.402366     -0.431322       -3.958540       9.425489
-2.923427       4.231934        -117.909644     -0.445229       -3.788015       9.403016
-2.923427       4.231934        -117.909644     -0.445229       -3.788015       9.403016
-2.547383       4.299781        -118.495362     -0.394904       -3.476786       9.558898
-2.547383       4.299781        -118.495362     -0.394904       -3.476786       9.558898
-2.147567       4.393172        -119.136642     -0.658441       -3.209507       9.553246
-2.147567       4.393172        -119.136642     -0.658441       -3.209507       9.553246
-1.857904       4.436493        -119.711551     -0.581652       -2.857894       9.648957
-1.857904       4.436493        -119.711551     -0.581652       -2.857894       9.648957
-1.569055       4.450976        -120.707361     -0.866896       -2.701699       9.672237
-1.569055       4.450976        -120.707361     -0.866896       -2.701699       9.672237
-1.521641       4.448533        -121.457127     -0.850768       -2.183989       9.856043
-1.521641       4.448533        -121.457127     -0.850768       -2.183989       9.856043
-1.728043       4.394387        -122.726249     -0.889479       -1.784433       9.858257
-1.728043       4.394387        -122.726249     -0.889479       -1.784433       9.858257
-2.219597       4.273151        -123.904304     -1.220214       -1.174486       9.785156
-2.219597       4.273151        -123.904304     -1.220214       -1.174486       9.785156
-3.012720       4.068762        -125.161555     -1.162478       -1.197471       9.702502
-3.012720       4.068762        -125.161555     -1.162478       -1.197471       9.702502
-4.105061       3.780884        -126.524835     -1.198079       -1.321517       9.672047
-4.105061       3.780884        -126.524835     -1.198079       -1.321517       9.672047
-5.308753       3.464447        -127.897662     -1.009393       -1.458122       9.728319
-5.308753       3.464447        -127.897662     -1.009393       -1.458122       9.728319
-6.547195       3.126865        -129.340975     -1.085769       -1.434793       9.476458
-6.547195       3.126865        -129.340975     -1.085769       -1.434793       9.476458
-7.752643       2.820369        -130.831171     -1.206615       -1.324419       9.283319
-7.752643       2.820369        -130.831171     -1.206615       -1.324419       9.283319
-8.902972       2.608702        -132.351651     -1.074177       -1.462821       9.278193
-8.902972       2.608702        -132.351651     -1.074177       -1.462821       9.278193
-9.947758       2.502357        -133.905816     -0.991044       -1.477066       9.328135
-9.947758       2.502357        -133.905816     -0.991044       -1.477066       9.328135
-10.824152      2.478489        -135.479324     -1.016864       -1.637097       9.326076
-10.824152      2.478489        -135.479324     -1.016864       -1.637097       9.326076
-11.530268      2.529977        -137.036637     -1.072098       -1.469870       9.391037
-11.530268      2.529977        -137.036637     -1.072098       -1.469870       9.391037
-12.089131      2.649810        -138.550536     -1.111727       -1.200027       9.505965
-12.089131      2.649810        -138.550536     -1.111727       -1.200027       9.505965
-12.507346      2.793805        -139.995270     -1.111144       -1.060714       9.579167
-12.507346      2.793805        -139.995270     -1.111144       -1.060714       9.579167
-12.767218      2.900274        -141.142581     -1.248847       -0.713937       9.634772
-12.767218      2.900274        -141.142581     -1.248847       -0.713937       9.634772
-13.040327      3.022078        -142.424907     -1.386072       -0.462304       9.717212
-13.040327      3.022078        -142.424907     -1.386072       -0.462304       9.717212
-13.270659      3.146675        -143.637770     -1.622365       -0.216393       9.800023
-13.270659      3.146675        -143.637770     -1.622365       -0.216393       9.800023
-13.425446      3.260557        -144.776467     -1.691795       0.116421        9.874625
-13.425446      3.260557        -144.776467     -1.691795       0.116421        9.874625
-13.509246      3.359913        -145.849129     -1.651691       0.385864        10.008253
-13.509246      3.359913        -145.849129     -1.651691       0.385864        10.008253
-13.565926      3.467092        -146.806474     -1.815398       0.679330        9.962246
-13.565926      3.467092        -146.806474     -1.815398       0.679330        9.962246
-13.648872      3.594439        -147.596385     -2.195516       0.964740        9.963015
-13.648872      3.594439        -147.596385     -2.195516       0.964740        9.963015
-13.774124      3.733327        -148.251242     -2.024267       1.071029        10.008314
-13.774124      3.733327        -148.251242     -2.024267       1.071029        10.008314
-13.862120      3.874363        -148.757846     -1.971991       1.179369        10.040937
-13.862120      3.874363        -148.757846     -1.971991       1.179369        10.040937
-13.849731      4.062590        -149.141659     -1.802836       1.417361        10.073901
-13.849731      4.062590        -149.141659     -1.802836       1.417361        10.073901
-13.720620      4.348306        -149.348153     -1.849839       1.730154        10.116543
-13.720620      4.348306        -149.348153     -1.849839       1.730154        10.116543
-13.438606      4.731804        -149.344708     -1.985753       1.797973        10.185496
-13.438606      4.731804        -149.344708     -1.985753       1.797973        10.185496
-12.913734      5.182263        -149.129259     -1.948148       1.560503        10.331470
-12.913734      5.182263        -149.129259     -1.948148       1.560503        10.331470
-12.031603      5.695047        -148.703934     -1.931285       1.422965        10.575940
-12.031603      5.695047        -148.703934     -1.931285       1.422965        10.575940
-10.769239      6.303600        -148.041728     -2.239864       1.475997        10.615475
-10.769239      6.303600        -148.041728     -2.239864       1.475997        10.615475
-9.092134       7.061775        -147.042400     -2.700324       1.684061        10.534635
-9.092134       7.061775        -147.042400     -2.700324       1.684061        10.534635
-7.539575       7.717874        -146.044545     -2.734618       1.292270        10.444782
-7.539575       7.717874        -146.044545     -2.734618       1.292270        10.444782
-4.741916       8.770091        -144.209221     -2.471833       0.901626        10.429331
-4.741916       8.770091        -144.209221     -2.471833       0.901626        10.429331
-1.960809       9.675566        -142.414641     -2.121132       0.485124        10.451624
-1.960809       9.675566        -142.414641     -2.121132       0.485124        10.451624
1.225875        10.592430       -140.405852     -1.959867       0.085163        10.459119
1.225875        10.592430       -140.405852     -1.959867       0.085163        10.459119
4.810684        11.495853       -138.265167     -1.397766       -0.394457       10.555674
4.810684        11.495853       -138.265167     -1.397766       -0.394457       10.555674
8.896096        12.374029       -135.937384     -1.257097       -0.457800       10.436164
8.896096        12.374029       -135.937384     -1.257097       -0.457800       10.436164
12.176300       12.980699       -134.068773     -1.864146       -0.194646       9.890922
12.176300       12.980699       -134.068773     -1.864146       -0.194646       9.890922
17.179269       13.790344       -131.168545     -2.287366       -0.426309       9.545981
17.179269       13.790344       -131.168545     -2.287366       -0.426309       9.545981
21.310194       14.338420       -128.701153     -2.756665       -1.084114       9.638479
21.310194       14.338420       -128.701153     -2.756665       -1.084114       9.638479
24.483376       14.635299       -126.784608     -2.438648       -0.842380       9.920514
24.483376       14.635299       -126.784608     -2.438648       -0.842380       9.920514
28.791266       14.800527       -124.287070     -2.059031       -0.461642       10.051473
28.791266       14.800527       -124.287070     -2.059031       -0.461642       10.051473
31.201939       14.786493       -123.030030     -2.733492       0.859712        9.763099
31.201939       14.786493       -123.030030     -2.733492       0.859712        9.763099
33.569478       14.712039       -122.026917     -2.933729       1.526193        9.468284
33.569478       14.712039       -122.026917     -2.933729       1.526193        9.468284
35.439874       14.634197       -121.695860     -2.904551       2.225852        9.139711
35.439874       14.634197       -121.695860     -2.904551       2.225852        9.139711
36.310334       14.601943       -122.091161     -2.755239       3.404359        8.755147
36.310334       14.601943       -122.091161     -2.755239       3.404359        8.755147
36.563355       14.560053       -122.914778     -2.536470       4.510338        8.366249
36.563355       14.560053       -122.914778     -2.536470       4.510338        8.366249
36.286077       14.470150       -124.037988     -2.490751       5.630486        8.079146
36.286077       14.470150       -124.037988     -2.490751       5.630486        8.079146
35.540019       14.316272       -125.334282     -2.164326       6.093521        7.827841
35.540019       14.316272       -125.334282     -2.164326       6.093521        7.827841
34.379334       14.108668       -126.697380     -2.185629       6.229874        7.571774
34.379334       14.108668       -126.697380     -2.185629       6.229874        7.571774
32.860317       13.857074       -128.048884     -2.388921       6.414258        7.552826
32.860317       13.857074       -128.048884     -2.388921       6.414258        7.552826
31.431905       13.594057       -129.103451     -2.423073       6.458352        7.689532
31.431905       13.594057       -129.103451     -2.423073       6.458352        7.689532
28.954481       13.038119       -130.631532     -2.512490       6.906865        7.773402
28.954481       13.038119       -130.631532     -2.512490       6.906865        7.773402
27.014694       12.531031       -131.633928     -2.612454       7.480851        8.058032
27.014694       12.531031       -131.633928     -2.612454       7.480851        8.058032
24.625184       11.823259       -132.709345     -2.485733       7.243391        8.463885
24.625184       11.823259       -132.709345     -2.485733       7.243391        8.463885
22.270833       11.003390       -133.630300     -2.466150       6.806733        8.625821
22.270833       11.003390       -133.630300     -2.466150       6.806733        8.625821
20.051646       10.102910       -134.391482     -2.229328       5.969683        8.758589
20.051646       10.102910       -134.391482     -2.229328       5.969683        8.758589
18.007682       9.204621        -134.994537     -2.052945       5.532720        8.723471
18.007682       9.204621        -134.994537     -2.052945       5.532720        8.723471
16.185287       8.428381        -135.445024     -1.826957       4.682992        8.800328
16.185287       8.428381        -135.445024     -1.826957       4.682992        8.800328
14.623209       7.843215        -135.729701     -1.632056       3.847806        8.747926
14.623209       7.843215        -135.729701     -1.632056       3.847806        8.747926
13.306193       7.476964        -135.849073     -1.526839       3.278708        8.721833
13.306193       7.476964        -135.849073     -1.526839       3.278708        8.721833
12.153003       7.315412        -135.821986     -1.457966       2.958856        8.729315
12.153003       7.315412        -135.821986     -1.457966       2.958856        8.729315
11.258291       7.288289        -135.699787     -1.309677       2.561453        8.848965
11.258291       7.288289        -135.699787     -1.309677       2.561453        8.848965
10.584867       7.299181        -135.533452     -1.213694       2.236278        8.994074
10.584867       7.299181        -135.533452     -1.213694       2.236278        8.994074
10.131043       7.296440        -135.360049     -1.081177       1.757137        9.228929
10.131043       7.296440        -135.360049     -1.081177       1.757137        9.228929
9.844882        7.247825        -135.183422     -1.164855       1.449708        9.196008
9.844882        7.247825        -135.183422     -1.164855       1.449708        9.196008
9.645511        7.155400        -135.008165     -1.385557       1.530515        9.075691
9.645511        7.155400        -135.008165     -1.385557       1.530515        9.075691
9.460724        7.022626        -134.841410     -1.369890       1.523439        8.971601
9.460724        7.022626        -134.841410     -1.369890       1.523439        8.971601
9.283686        6.894409        -134.728185     -1.262827       1.500617        8.866182
9.283686        6.894409        -134.728185     -1.262827       1.500617        8.866182
8.956416        6.765426        -134.637862     -1.078797       1.764667        8.877236
8.956416        6.765426        -134.637862     -1.078797       1.764667        8.877236
8.635613        6.820560        -134.591478     -1.202909       2.334686        9.055655
8.635613        6.820560        -134.591478     -1.202909       2.334686        9.055655
8.407585        6.979097        -134.598135     -0.930325       2.336707        9.349781
8.407585        6.979097        -134.598135     -0.930325       2.336707        9.349781
8.077496        7.311876        -134.649357     -1.270058       2.272016        9.237590
8.077496        7.311876        -134.649357     -1.270058       2.272016        9.237590
7.799777        7.606953        -134.723339     -1.148613       1.808372        9.397261
7.799777        7.606953        -134.723339     -1.148613       1.808372        9.397261
7.549513        7.895586        -134.785409     -1.337091       1.403123        9.463061
7.549513        7.895586        -134.785409     -1.337091       1.403123        9.463061
7.292917        8.171342        -134.809335     -0.970803       1.143069        9.789137
7.292917        8.171342        -134.809335     -0.970803       1.143069        9.789137
7.025774        8.408444        -134.822558     -0.996589       1.341094        9.847517
7.025774        8.408444        -134.822558     -0.996589       1.341094        9.847517
6.466133        8.760452        -134.772258     -1.667707       1.351283        9.805378
6.466133        8.760452        -134.772258     -1.667707       1.351283        9.805378
5.775394        9.027377        -134.650490     -1.258993       1.540536        10.091284
5.775394        9.027377        -134.650490     -1.258993       1.540536        10.091284
4.931529        9.209502        -134.485819     -1.670056       1.267302        9.984564
4.931529        9.209502        -134.485819     -1.670056       1.267302        9.984564
3.940922        9.285630        -134.289855     -1.675534       1.090697        10.193630
3.940922        9.285630        -134.289855     -1.675534       1.090697        10.193630
2.816464        9.244643        -134.100308     -1.803396       0.939955        10.141792
2.816464        9.244643        -134.100308     -1.803396       0.939955        10.141792
1.629520        9.102502        -133.889201     -1.772517       0.218900        10.025447
1.629520        9.102502        -133.889201     -1.772517       0.218900        10.025447
0.479618        8.895083        -133.673174     -1.592160       -0.101269       9.818810
0.479618        8.895083        -133.673174     -1.592160       -0.101269       9.818810
-0.576609       8.686272        -133.510065     -1.813874       -0.259691       9.556846
-0.576609       8.686272        -133.510065     -1.813874       -0.259691       9.556846
-1.404165       8.547634        -133.411809     -1.995820       -0.322662       9.544689
-1.404165       8.547634        -133.411809     -1.995820       -0.322662       9.544689
-2.026336       8.434913        -133.373613     -1.810708       -0.732018       9.476701
-2.026336       8.434913        -133.373613     -1.810708       -0.732018       9.476701
-2.425305       8.310456        -133.377643     -1.709662       -1.052586       9.360551
-2.425305       8.310456        -133.377643     -1.709662       -1.052586       9.360551
-2.563305       8.185203        -133.398234     -1.587328       -1.330525       9.457056
-2.563305       8.185203        -133.398234     -1.587328       -1.330525       9.457056
-2.476719       7.942641        -133.467342     -1.426028       -1.287938       9.345428
-2.476719       7.942641        -133.467342     -1.426028       -1.287938       9.345428
-2.256208       7.756006        -133.517015     -1.377848       -1.221602       9.318053
-2.256208       7.756006        -133.517015     -1.377848       -1.221602       9.318053
-1.754856       7.476052        -133.558940     -1.206870       -1.141661       9.430829
-1.754856       7.476052        -133.558940     -1.206870       -1.141661       9.430829
-1.321203       7.280699        -133.544193     -0.986524       -1.153590       9.440814
-1.321203       7.280699        -133.544193     -0.986524       -1.153590       9.440814
-0.760944       7.047082        -133.463259     -0.804588       -1.130206       9.385529
-0.760944       7.047082        -133.463259     -0.804588       -1.130206       9.385529
-0.205186       6.869978        -133.330402     -0.806232       -0.842834       9.398315
-0.205186       6.869978        -133.330402     -0.806232       -0.842834       9.398315
0.286393        6.800944        -133.145007     -0.807281       -0.656770       9.559886
0.286393        6.800944        -133.145007     -0.807281       -0.656770       9.559886
0.680410        6.816557        -132.892419     -0.709775       -0.599604       9.561087
0.680410        6.816557        -132.892419     -0.709775       -0.599604       9.561087
0.979648        6.872287        -132.615496     -0.503777       -0.504062       9.619971
0.979648        6.872287        -132.615496     -0.503777       -0.504062       9.619971
1.198197        6.956535        -132.370747     -0.705556       -0.173998       9.729824
1.198197        6.956535        -132.370747     -0.705556       -0.173998       9.729824
1.359587        7.071327        -132.178947     -0.793577       0.075157        9.754905
1.359587        7.071327        -132.178947     -0.793577       0.075157        9.754905
1.439582        7.178046        -132.038444     -0.877032       0.232430        9.830094
1.439582        7.178046        -132.038444     -0.877032       0.232430        9.830094
1.422752        7.254430        -131.909987     -0.700538       0.086925        10.015645
1.422752        7.254430        -131.909987     -0.700538       0.086925        10.015645
1.301636        7.282897        -131.778970     -0.655028       0.030014        10.146311
1.301636        7.282897        -131.778970     -0.655028       0.030014        10.146311
1.093416        7.250381        -131.666731     -0.670799       0.105734        10.105091
1.093416        7.250381        -131.666731     -0.670799       0.105734        10.105091
0.821702        7.165980        -131.584405     -0.865955       0.182634        9.934095
0.821702        7.165980        -131.584405     -0.865955       0.182634        9.934095
0.519797        7.071782        -131.519427     -0.891692       0.160798        9.918250
0.519797        7.071782        -131.519427     -0.891692       0.160798        9.918250
0.236621        7.001514        -131.484808     -0.922287       0.141549        9.882575
0.236621        7.001514        -131.484808     -0.922287       0.141549        9.882575
-0.007270       6.944906        -131.489425     -1.025085       0.172797        9.781910
-0.007270       6.944906        -131.489425     -1.025085       0.172797        9.781910
-0.231074       6.894795        -131.501381     -1.185093       0.005359        9.640618
-0.231074       6.894795        -131.501381     -1.185093       0.005359        9.640618
-0.415618       6.840141        -131.512008     -1.214443       -0.048399       9.642306
-0.415618       6.840141        -131.512008     -1.214443       -0.048399       9.642306
-0.535076       6.780699        -131.514605     -1.243634       -0.025529       9.587153
-0.535076       6.780699        -131.514605     -1.243634       -0.025529       9.587153
-0.652343       6.693130        -131.500339     -1.293602       -0.014671       9.599268
-0.652343       6.693130        -131.500339     -1.293602       -0.014671       9.599268
-0.733021       6.597678        -131.477097     -1.236132       -0.106828       9.686135
-0.733021       6.597678        -131.477097     -1.236132       -0.106828       9.686135
-0.780337       6.471195        -131.442283     -1.253781       -0.063620       9.608310
-0.780337       6.471195        -131.442283     -1.253781       -0.063620       9.608310
-0.770067       6.367092        -131.417429     -1.271350       -0.052876       9.538723
-0.770067       6.367092        -131.417429     -1.271350       -0.052876       9.538723
-0.686011       6.169726        -131.355913     -1.352045       -0.007236       9.381912
-0.686011       6.169726        -131.355913     -1.352045       -0.007236       9.381912
-0.526901       6.009217        -131.262393     -1.153630       -0.023413       9.430727
-0.526901       6.009217        -131.262393     -1.153630       -0.023413       9.430727
-0.319099       5.892857        -131.164333     -0.935459       -0.034815       9.460091
-0.319099       5.892857        -131.164333     -0.935459       -0.034815       9.460091
0.130320        5.747589        -130.992590     -0.853969       -0.016020       9.578897
0.130320        5.747589        -130.992590     -0.853969       -0.016020       9.578897
0.489338        5.670323        -130.856872     -0.859132       0.094986        9.546106
0.489338        5.670323        -130.856872     -0.859132       0.094986        9.546106
1.066232        5.579348        -130.631513     -0.667564       0.070451        9.640783
1.066232        5.579348        -130.631513     -0.667564       0.070451        9.640783
1.457299        5.544166        -130.467926     -0.473471       -0.052232       9.706959
1.457299        5.544166        -130.467926     -0.473471       -0.052232       9.706959
2.038326        5.542673        -130.224165     -0.607116       0.278702        9.732475
2.038326        5.542673        -130.224165     -0.607116       0.278702        9.732475
2.447694        5.589381        -130.063176     -0.858132       0.632775        9.742967
2.447694        5.589381        -130.063176     -0.858132       0.632775        9.742967
2.769535        5.671299        -129.921247     -0.844778       0.642284        9.817980
2.769535        5.671299        -129.921247     -0.844778       0.642284        9.817980
2.950442        5.745481        -129.816580     -0.875787       0.624741        9.852036
2.950442        5.745481        -129.816580     -0.875787       0.624741        9.852036
3.097812        5.844449        -129.664235     -0.886892       0.690226        9.832870
3.097812        5.844449        -129.664235     -0.886892       0.690226        9.832870
3.148912        5.903047        -129.562580     -0.927128       0.745944        9.891598
3.148912        5.903047        -129.562580     -0.927128       0.745944        9.891598
3.160339        5.924626        -129.504804     -1.067494       0.794390        9.743010
3.160339        5.924626        -129.504804     -1.067494       0.794390        9.743010
3.143851        5.916170        -129.472770     -1.045225       0.740170        9.635496
3.143851        5.916170        -129.472770     -1.045225       0.740170        9.635496
3.100180        5.908995        -129.459395     -1.030169       0.754648        9.663615
3.100180        5.908995        -129.459395     -1.030169       0.754648        9.663615
3.045470        5.920857        -129.467233     -0.972087       0.728916        9.697673
3.045470        5.920857        -129.467233     -0.972087       0.728916        9.697673
2.951050        5.961672        -129.483042     -0.972753       0.795250        9.706280
2.951050        5.961672        -129.483042     -0.972753       0.795250        9.706280
2.816888        6.024902        -129.494782     -1.021852       0.702730        9.736238
2.816888        6.024902        -129.494782     -1.021852       0.702730        9.736238
2.645755        6.091433        -129.487964     -0.954986       0.696930        9.759325
2.645755        6.091433        -129.487964     -0.954986       0.696930        9.759325
2.462125        6.146361        -129.469870     -0.819638       0.559089        9.865599
2.462125        6.146361        -129.469870     -0.819638       0.559089        9.865599
2.274148        6.183949        -129.456964     -0.855053       0.691699        9.971574
2.274148        6.183949        -129.456964     -0.855053       0.691699        9.971574
2.071445        6.208907        -129.432783     -1.056500       0.690386        9.853338
2.071445        6.208907        -129.432783     -1.056500       0.690386        9.853338
1.841535        6.222379        -129.362592     -0.979629       0.506054        9.891335
1.841535        6.222379        -129.362592     -0.979629       0.506054        9.891335
1.632282        6.219067        -129.263102     -0.912761       0.317785        9.914740
1.632282        6.219067        -129.263102     -0.912761       0.317785        9.914740
1.467449        6.189917        -129.144311     -1.071990       0.269926        9.704643
1.467449        6.189917        -129.144311     -1.071990       0.269926        9.704643
1.370113        6.147054        -129.035305     -1.145373       0.324442        9.694735
1.370113        6.147054        -129.035305     -1.145373       0.324442        9.694735
1.333408        6.102442        -128.949820     -1.140450       0.270214        9.582041
1.333408        6.102442        -128.949820     -1.140450       0.270214        9.582041
1.328385        6.070403        -128.860231     -1.117364       0.249789        9.540525
1.328385        6.070403        -128.860231     -1.117364       0.249789        9.540525
1.332777        6.055655        -128.761443     -1.038977       0.200520        9.636806
1.332777        6.055655        -128.761443     -1.038977       0.200520        9.636806
1.335322        6.048742        -128.661969     -1.057327       0.310219        9.711667
1.335322        6.048742        -128.661969     -1.057327       0.310219        9.711667
1.330320        6.034920        -128.559927     -1.081524       0.267557        9.749256
1.330320        6.034920        -128.559927     -1.081524       0.267557        9.749256
1.321833        6.012918        -128.481894     -1.081914       0.295860        9.747058
1.321833        6.012918        -128.481894     -1.081914       0.295860        9.747058
1.290787        5.961328        -128.382665     -1.017738       0.338404        9.827418
1.290787        5.961328        -128.382665     -1.017738       0.338404        9.827418
1.236360        5.907911        -128.295255     -0.981188       0.323403        9.804056
1.236360        5.907911        -128.295255     -0.981188       0.323403        9.804056
1.167374        5.858399        -128.219013     -0.821683       0.211334        9.897468
1.167374        5.858399        -128.219013     -0.821683       0.211334        9.897468
1.089833        5.812952        -128.154958     -0.862853       0.185899        9.811958
1.089833        5.812952        -128.154958     -0.862853       0.185899        9.811958
1.003495        5.774427        -128.095344     -0.995673       0.076849        9.649961
1.003495        5.774427        -128.095344     -0.995673       0.076849        9.649961
0.928937        5.755061        -128.050616     -0.979950       0.130448        9.670396
0.928937        5.755061        -128.050616     -0.979950       0.130448        9.670396
0.840008        5.755545        -127.993335     -0.901909       0.060005        9.698599
0.840008        5.755545        -127.993335     -0.901909       0.060005        9.698599
0.797970        5.771691        -127.961783     -0.875757       0.018852        9.671268
0.797970        5.771691        -127.961783     -0.875757       0.018852        9.671268
0.776091        5.819478        -127.938018     -0.911113       0.051677        9.606304
0.776091        5.819478        -127.938018     -0.911113       0.051677        9.606304
0.789577        5.863820        -127.936846     -0.935740       0.191723        9.644208
0.789577        5.863820        -127.936846     -0.935740       0.191723        9.644208
0.816967        5.913208        -127.933712     -1.051012       0.193543        9.710115
0.816967        5.913208        -127.933712     -1.051012       0.193543        9.710115
0.827194        5.907764        -127.917580     -0.900188       0.174325        9.759841
0.827194        5.907764        -127.917580     -0.900188       0.174325        9.759841
0.831066        5.871714        -127.890035     -0.791208       0.053203        9.812943
0.831066        5.871714        -127.890035     -0.791208       0.053203        9.812943
0.831797        5.823754        -127.853752     -0.907340       0.164899        9.754550
0.831797        5.823754        -127.853752     -0.907340       0.164899        9.754550
0.822914        5.775415        -127.805079     -1.080868       0.295530        9.612197
0.822914        5.775415        -127.805079     -1.080868       0.295530        9.612197
0.813819        5.723934        -127.753339     -0.941900       0.240550        9.644235
0.813819        5.723934        -127.753339     -0.941900       0.240550        9.644235
0.810070        5.688133        -127.716804     -0.817540       0.265955        9.636120
0.810070        5.688133        -127.716804     -0.817540       0.265955        9.636120
0.807077        5.657561        -127.668088     -0.822816       0.265308        9.595654
0.807077        5.657561        -127.668088     -0.822816       0.265308        9.595654
0.798256        5.652996        -127.631569     -0.935354       0.345236        9.565464
0.798256        5.652996        -127.631569     -0.935354       0.345236        9.565464
0.789798        5.651604        -127.599337     -0.818633       0.291822        9.695798
0.789798        5.651604        -127.599337     -0.818633       0.291822        9.695798
0.784449        5.643475        -127.571454     -0.772296       0.265537        9.712673
0.784449        5.643475        -127.571454     -0.772296       0.265537        9.712673
0.776701        5.633971        -127.551988     -0.853179       0.318088        9.732327
0.776701        5.633971        -127.551988     -0.853179       0.318088        9.732327
0.764033        5.625368        -127.534864     -0.900110       0.354640        9.753668
0.764033        5.625368        -127.534864     -0.900110       0.354640        9.753668
0.741239        5.626645        -127.504985     -0.838174       0.248836        9.832894
0.741239        5.626645        -127.504985     -0.838174       0.248836        9.832894
0.717465        5.650006        -127.464379     -0.840577       0.235348        9.855144
0.717465        5.650006        -127.464379     -0.840577       0.235348        9.855144
0.705849        5.694222        -127.414634     -0.944449       0.213013        9.796679
0.705849        5.694222        -127.414634     -0.944449       0.213013        9.796679
0.709302        5.739275        -127.362418     -0.965111       0.221399        9.814532
0.709302        5.739275        -127.362418     -0.965111       0.221399        9.814532
0.714894        5.775306        -127.307837     -0.989032       0.169385        9.849064
0.714894        5.775306        -127.307837     -0.989032       0.169385        9.849064
0.709406        5.806253        -127.241318     -1.143187       0.279786        9.792349
0.709406        5.806253        -127.241318     -1.143187       0.279786        9.792349
0.687078        5.833869        -127.161215     -1.099270       0.251141        9.848598
0.687078        5.833869        -127.161215     -1.099270       0.251141        9.848598
0.646655        5.834454        -127.070447     -1.113830       0.337956        9.832024
0.646655        5.834454        -127.070447     -1.113830       0.337956        9.832024
0.589358        5.797420        -126.958575     -1.083383       0.318215        9.787736
0.589358        5.797420        -126.958575     -1.083383       0.318215        9.787736
0.523782        5.736161        -126.836383     -1.050916       0.308750        9.771976
0.523782        5.736161        -126.836383     -1.050916       0.308750        9.771976
0.465047        5.666556        -126.718780     -1.151938       0.343766        9.719296
0.465047        5.666556        -126.718780     -1.151938       0.343766        9.719296
0.428159        5.593461        -126.616906     -1.182605       0.504408        9.640991
0.428159        5.593461        -126.616906     -1.182605       0.504408        9.640991
0.404879        5.530945        -126.524250     -1.132760       0.458001        9.615017
0.404879        5.530945        -126.524250     -1.132760       0.458001        9.615017
0.370374        5.481658        -126.417411     -0.986833       0.356089        9.708645
0.370374        5.481658        -126.417411     -0.986833       0.356089        9.708645
0.316514        5.448584        -126.276985     -0.915846       0.252990        9.755855
0.316514        5.448584        -126.276985     -0.915846       0.252990        9.755855
0.247803        5.421095        -126.120649     -0.960907       0.392879        9.684480
0.247803        5.421095        -126.120649     -0.960907       0.392879        9.684480
0.191443        5.398577        -125.982436     -0.904802       0.382649        9.725853
0.191443        5.398577        -125.982436     -0.904802       0.382649        9.725853
0.101927        5.351621        -125.769651     -0.871955       0.297378        9.761006
0.101927        5.351621        -125.769651     -0.871955       0.297378        9.761006
0.018341        5.298757        -125.591283     -0.835465       0.279892        9.661840
0.018341        5.298757        -125.591283     -0.835465       0.279892        9.661840
-0.051562       5.260782        -125.445045     -0.870946       0.332978        9.615363
-0.051562       5.260782        -125.445045     -0.870946       0.332978        9.615363
-0.166118       5.205457        -125.230543     -0.831606       0.316471        9.623547
-0.166118       5.205457        -125.230543     -0.831606       0.316471        9.623547
-0.282370       5.142222        -125.030091     -0.701366       0.186568        9.605289
-0.282370       5.142222        -125.030091     -0.701366       0.186568        9.605289
-0.389924       5.092995        -124.862013     -0.637458       0.112677        9.644723
-0.389924       5.092995        -124.862013     -0.637458       0.112677        9.644723
-0.533226       5.048178        -124.646698     -0.693342       0.013169        9.664972
-0.533226       5.048178        -124.646698     -0.693342       0.013169        9.664972
-0.702490       5.016546        -124.386406     -0.767002       0.166637        9.549407
-0.702490       5.016546        -124.386406     -0.767002       0.166637        9.549407
-0.835311       5.008124        -124.171998     -0.669729       0.075079        9.672990
-0.835311       5.008124        -124.171998     -0.669729       0.075079        9.672990
-0.964916       5.003246        -123.959886     -0.643550       -0.025365       9.730464
-0.964916       5.003246        -123.959886     -0.643550       -0.025365       9.730464
-1.058505       4.997294        -123.791354     -0.715461       -0.091142       9.702280
-1.058505       4.997294        -123.791354     -0.715461       -0.091142       9.702280
-1.143724       4.983744        -123.598120     -0.761636       -0.014255       9.650646
-1.143724       4.983744        -123.598120     -0.761636       -0.014255       9.650646
-1.199208       4.951573        -123.416809     -0.758881       -0.160326       9.805334
-1.199208       4.951573        -123.416809     -0.758881       -0.160326       9.805334
-1.264444       4.894484        -123.170263     -0.722250       -0.306999       9.848330
-1.264444       4.894484        -123.170263     -0.722250       -0.306999       9.848330
-1.339733       4.835572        -122.912118     -0.822555       -0.441906       9.825373
-1.339733       4.835572        -122.912118     -0.822555       -0.441906       9.825373
-1.420319       4.759468        -122.623583     -0.920756       -0.310678       9.790227
-1.420319       4.759468        -122.623583     -0.920756       -0.310678       9.790227
-1.496402       4.653533        -122.327108     -0.980514       -0.316484       9.736471
-1.496402       4.653533        -122.327108     -0.980514       -0.316484       9.736471
-1.543399       4.555146        -122.100208     -1.025931       -0.249965       9.706155
-1.543399       4.555146        -122.100208     -1.025931       -0.249965       9.706155
-1.586206       4.385872        -121.797228     -1.091326       -0.255027       9.642564
-1.586206       4.385872        -121.797228     -1.091326       -0.255027       9.642564
-1.604279       4.257386        -121.617405     -1.004580       -0.194257       9.533353
-1.604279       4.257386        -121.617405     -1.004580       -0.194257       9.533353
-1.619243       4.120837        -121.418933     -0.870331       -0.218278       9.508648
-1.619243       4.120837        -121.418933     -0.870331       -0.218278       9.508648
-1.623786       4.049037        -121.249536     -0.772236       -0.178313       9.485297
-1.623786       4.049037        -121.249536     -0.772236       -0.178313       9.485297
-1.628512       4.041511        -121.110241     -0.735189       -0.128901       9.565019
-1.628512       4.041511        -121.110241     -0.735189       -0.128901       9.565019
-1.649369       4.067256        -120.978010     -0.703504       -0.157262       9.597649
-1.649369       4.067256        -120.978010     -0.703504       -0.157262       9.597649
-1.687023       4.135102        -120.838983     -0.650018       -0.071729       9.676738
-1.687023       4.135102        -120.838983     -0.650018       -0.071729       9.676738
-1.714941       4.193035        -120.744611     -0.698158       -0.057879       9.612356
-1.714941       4.193035        -120.744611     -0.698158       -0.057879       9.612356
-1.749825       4.275235        -120.603092     -0.694972       -0.040087       9.654764
-1.749825       4.275235        -120.603092     -0.694972       -0.040087       9.654764
-1.776070       4.384526        -120.427404     -0.654960       -0.192802       9.644978
-1.776070       4.384526        -120.427404     -0.654960       -0.192802       9.644978
-1.777251       4.548818        -120.211918     -0.661730       -0.214691       9.730803
-1.777251       4.548818        -120.211918     -0.661730       -0.214691       9.730803
-1.749862       4.727373        -119.963320     -0.725567       -0.274005       9.751839
-1.749862       4.727373        -119.963320     -0.725567       -0.274005       9.751839
-1.698709       4.887434        -119.666280     -0.757215       -0.359969       9.693863
-1.698709       4.887434        -119.666280     -0.757215       -0.359969       9.693863
-1.619343       5.027430        -119.329080     -0.692450       -0.491913       9.695852
-1.619343       5.027430        -119.329080     -0.692450       -0.491913       9.695852
-1.492059       5.161952        -118.987452     -0.651896       -0.487310       9.785702
-1.492059       5.161952        -118.987452     -0.651896       -0.487310       9.785702
-1.314392       5.289868        -118.672059     -0.736649       -0.411734       9.809141
-1.314392       5.289868        -118.672059     -0.736649       -0.411734       9.809141
-1.102657       5.396176        -118.397139     -0.833100       -0.379255       9.841236
-1.102657       5.396176        -118.397139     -0.833100       -0.379255       9.841236
-0.883869       5.477591        -118.171567     -0.715494       -0.463444       10.037405
-0.883869       5.477591        -118.171567     -0.715494       -0.463444       10.037405
-0.683013       5.541531        -117.981518     -0.749066       -0.465863       10.101321
-0.683013       5.541531        -117.981518     -0.749066       -0.465863       10.101321
-0.546079       5.586889        -117.828323     -0.726188       -0.588622       10.197610
-0.546079       5.586889        -117.828323     -0.726188       -0.588622       10.197610
-0.478990       5.616199        -117.700055     -0.841215       -0.572797       10.219856
-0.478990       5.616199        -117.700055     -0.841215       -0.572797       10.219856
-0.474083       5.633780        -117.600287     -1.043659       -0.544703       10.260150
-0.474083       5.633780        -117.600287     -1.043659       -0.544703       10.260150
-0.501136       5.631953        -117.545656     -1.210093       -0.467637       10.117075
-0.501136       5.631953        -117.545656     -1.210093       -0.467637       10.117075
-0.579051       5.580877        -117.510161     -1.261861       -0.424380       10.102769
-0.579051       5.580877        -117.510161     -1.261861       -0.424380       10.102769
-0.662997       5.504072        -117.512199     -1.331667       -0.451296       10.091892
-0.662997       5.504072        -117.512199     -1.331667       -0.451296       10.091892
-0.752975       5.409182        -117.536539     -1.318702       -0.449601       10.017456
-0.752975       5.409182        -117.536539     -1.318702       -0.449601       10.017456
-0.826976       5.277153        -117.603969     -1.260629       -0.413959       10.024490
-0.826976       5.277153        -117.603969     -1.260629       -0.413959       10.024490
-0.865478       5.129797        -117.689191     -1.190885       -0.300969       9.940113
-0.865478       5.129797        -117.689191     -1.190885       -0.300969       9.940113
-0.908095       4.859984        -117.840428     -1.100950       -0.326378       9.973837
-0.908095       4.859984        -117.840428     -1.100950       -0.326378       9.973837
-0.941976       4.673039        -117.938711     -0.892397       -0.421102       10.094705
-0.941976       4.673039        -117.938711     -0.892397       -0.421102       10.094705
-1.003771       4.398828        -118.063236     -0.750907       -0.474428       10.068914
-1.003771       4.398828        -118.063236     -0.750907       -0.474428       10.068914
-1.042750       4.224534        -118.133080     -0.771540       -0.330307       9.990090
-1.042750       4.224534        -118.133080     -0.771540       -0.330307       9.990090
-1.094296       4.017326        -118.206468     -0.758331       -0.319038       9.922471
-1.094296       4.017326        -118.206468     -0.758331       -0.319038       9.922471
-1.161143       3.829775        -118.248630     -0.653977       -0.389717       9.830881
-1.161143       3.829775        -118.248630     -0.653977       -0.389717       9.830881
-1.252329       3.673122        -118.255831     -0.571171       -0.367990       9.811585
-1.252329       3.673122        -118.255831     -0.571171       -0.367990       9.811585
-1.365183       3.558227        -118.225742     -0.514632       -0.383163       9.715260
-1.365183       3.558227        -118.225742     -0.514632       -0.383163       9.715260
-1.424996       3.496564        -118.197148     -0.399270       -0.425528       9.699999
-1.424996       3.496564        -118.197148     -0.399270       -0.425528       9.699999
-1.437182       3.459521        -118.180606     -0.585716       -0.300703       9.627323
-1.437182       3.459521        -118.180606     -0.585716       -0.300703       9.627323
-1.408660       3.445230        -118.163718     -0.662736       -0.236389       9.544217
-1.408660       3.445230        -118.163718     -0.662736       -0.236389       9.544217
-1.360589       3.438539        -118.140187     -0.622822       -0.306138       9.637841
-1.360589       3.438539        -118.140187     -0.622822       -0.306138       9.637841
-1.311431       3.427303        -118.121179     -0.614796       -0.276474       9.729234
-1.311431       3.427303        -118.121179     -0.614796       -0.276474       9.729234
-1.216686       3.393319        -118.106865     -0.510001       -0.208915       9.700899
-1.216686       3.393319        -118.106865     -0.510001       -0.208915       9.700899
-1.140967       3.361094        -118.116092     -0.594672       -0.087259       9.717921
-1.140967       3.361094        -118.116092     -0.594672       -0.087259       9.717921
-1.062087       3.320494        -118.139157     -0.688793       -0.043544       9.710711
-1.062087       3.320494        -118.139157     -0.688793       -0.043544       9.710711
-1.012277       3.292785        -118.161654     -0.658701       -0.000910       9.766544
-1.012277       3.292785        -118.161654     -0.658701       -0.000910       9.766544
-0.997718       3.276406        -118.178127     -0.564872       -0.155798       9.946396
-0.997718       3.276406        -118.178127     -0.564872       -0.155798       9.946396
-1.001410       3.251947        -118.188570     -0.528244       -0.155058       9.943617
-1.001410       3.251947        -118.188570     -0.528244       -0.155058       9.943617
-0.999540       3.215410        -118.202324     -0.608016       -0.108482       9.921180
-0.999540       3.215410        -118.202324     -0.608016       -0.108482       9.921180
-0.980538       3.169660        -118.223484     -0.608662       -0.046998       10.070034
-0.980538       3.169660        -118.223484     -0.608662       -0.046998       10.070034
-0.954362       3.097307        -118.232606     -0.667204       -0.123174       10.061250
-0.954362       3.097307        -118.232606     -0.667204       -0.123174       10.061250
-0.918911       2.984083        -118.215524     -0.582058       -0.212518       10.081258
-0.918911       2.984083        -118.215524     -0.582058       -0.212518       10.081258
-0.859847       2.844442        -118.182635     -0.641681       -0.175556       10.015523
-0.859847       2.844442        -118.182635     -0.641681       -0.175556       10.015523
-0.773633       2.684502        -118.142175     -0.579239       -0.189829       9.984986
-0.773633       2.684502        -118.142175     -0.579239       -0.189829       9.984986
-0.666202       2.515920        -118.103106     -0.495839       -0.233658       9.918275
-0.666202       2.515920        -118.103106     -0.495839       -0.233658       9.918275
-0.548366       2.343193        -118.075942     -0.561177       -0.100880       9.927064
-0.548366       2.343193        -118.075942     -0.561177       -0.100880       9.927064
-0.422557       2.157043        -118.063429     -0.426660       -0.109666       9.854473
-0.422557       2.157043        -118.063429     -0.426660       -0.109666       9.854473
-0.317839       1.974250        -118.064023     -0.361124       -0.096591       9.829107
-0.317839       1.974250        -118.064023     -0.361124       -0.096591       9.829107
-0.240987       1.780871        -118.068494     -0.307455       -0.137747       9.745556
-0.240987       1.780871        -118.068494     -0.307455       -0.137747       9.745556
-0.199904       1.608025        -118.074492     -0.286066       -0.059020       9.640051
-0.199904       1.608025        -118.074492     -0.286066       -0.059020       9.640051
-0.183799       1.476946        -118.092309     -0.193916       -0.085275       9.680713
-0.183799       1.476946        -118.092309     -0.193916       -0.085275       9.680713
-0.186273       1.401584        -118.111650     -0.173313       -0.022565       9.608040
-0.186273       1.401584        -118.111650     -0.173313       -0.022565       9.608040
-0.203844       1.325341        -118.156207     -0.158224       0.020562        9.574018
-0.203844       1.325341        -118.156207     -0.158224       0.020562        9.574018
-0.230654       1.278440        -118.200349     -0.171089       -0.020071       9.628792
-0.230654       1.278440        -118.200349     -0.171089       -0.020071       9.628792
-0.262473       1.218978        -118.245198     -0.074128       0.000529        9.696496
-0.262473       1.218978        -118.245198     -0.074128       0.000529        9.696496
-0.287002       1.145259        -118.293366     -0.069153       -0.016849       9.621390
-0.287002       1.145259        -118.293366     -0.069153       -0.016849       9.621390
