-1.671564       12.610094       -135.151367     -2.901798       2.332721        9.102231
-1.671564       12.610094       -135.151367     -2.901798       2.332721        9.102231
-2.918883       12.218570       -135.875835     -2.661976       1.574080        9.069893
-2.918883       12.218570       -135.875835     -2.661976       1.574080        9.069893
-3.962902       11.592995       -136.405220     -2.605706       1.190747        8.889226
-3.962902       11.592995       -136.405220     -2.605706       1.190747        8.889226
-4.099746       11.202294       -136.487241     -2.510481       0.966035        8.612830
-4.099746       11.202294       -136.487241     -2.510481       0.966035        8.612830
-3.755147       10.794038       -136.412129     -2.522021       0.981885        8.322533
-3.755147       10.794038       -136.412129     -2.522021       0.981885        8.322533
-2.778903       10.456190       -136.103508     -2.332988       0.669339        8.514145
-2.778903       10.456190       -136.103508     -2.332988       0.669339        8.514145
-1.859236       10.301840       -135.742887     -1.955466       0.521417        8.694664
-1.859236       10.301840       -135.742887     -1.955466       0.521417        8.694664
-0.585077       10.207383       -135.198750     -2.084302       0.687286        8.785256
-0.585077       10.207383       -135.198750     -2.084302       0.687286        8.785256
0.834149        10.192996       -134.577739     -2.061908       0.889872        8.795234
0.834149        10.192996       -134.577739     -2.061908       0.889872        8.795234
2.586139        10.252384       -133.797630     -1.918195       1.134478        8.990709
2.586139        10.252384       -133.797630     -1.918195       1.134478        8.990709
3.688009        10.315932       -133.279084     -1.897164       1.110118        9.268001
3.688009        10.315932       -133.279084     -1.897164       1.110118        9.268001
5.127674        10.397067       -132.549006     -1.907696       1.355331        9.357604
5.127674        10.397067       -132.549006     -1.907696       1.355331        9.357604
5.910256        10.451120       -132.127931     -2.101146       1.560379        9.434736
5.910256        10.451120       -132.127931     -2.101146       1.560379        9.434736
6.688549        10.582227       -131.708344     -2.005767       1.703303        9.575579
6.688549        10.582227       -131.708344     -2.005767       1.703303        9.575579
7.327169        10.870917       -131.328319     -1.855139       1.688079        9.623593
7.327169        10.870917       -131.328319     -1.855139       1.688079        9.623593
7.583573        11.109890       -131.123679     -1.928285       1.594160        9.735630
7.583573        11.109890       -131.123679     -1.928285       1.594160        9.735630
7.711644        11.415530       -130.918618     -2.120826       1.590458        9.851254
7.711644        11.415530       -130.918618     -2.120826       1.590458        9.851254
7.636029        11.703539       -130.785328     -2.130295       1.589579        9.912317
7.636029        11.703539       -130.785328     -2.130295       1.589579        9.912317
7.358957        11.955347       -130.736827     -2.239272       1.719913        9.979510
7.358957        11.955347       -130.736827     -2.239272       1.719913        9.979510
6.789431        12.253974       -130.771208     -2.132097       1.418828        10.088883
6.789431        12.253974       -130.771208     -2.132097       1.418828        10.088883
6.172826        12.489464       -130.871211     -2.324303       1.228331        10.080563
6.172826        12.489464       -130.871211     -2.324303       1.228331        10.080563
5.439810        12.675379       -131.048533     -2.583690       1.177186        9.998696
5.439810        12.675379       -131.048533     -2.583690       1.177186        9.998696
4.793508        12.775867       -131.236904     -2.471212       0.926032        9.963717
4.793508        12.775867       -131.236904     -2.471212       0.926032        9.963717
3.792969        12.871106       -131.520980     -2.342801       0.562703        10.041694
3.792969        12.871106       -131.520980     -2.342801       0.562703        10.041694
3.018821        12.940828       -131.724269     -2.209243       0.028372        9.928370
3.018821        12.940828       -131.724269     -2.209243       0.028372        9.928370
2.374345        12.996836       -131.907681     -2.704310       0.014038        9.638073
2.374345        12.996836       -131.907681     -2.704310       0.014038        9.638073
1.975346        13.001057       -132.060134     -2.782916       0.080169        9.460809
1.975346        13.001057       -132.060134     -2.782916       0.080169        9.460809
1.585863        12.931737       -132.278192     -2.798069       0.038887        9.429549
1.585863        12.931737       -132.278192     -2.798069       0.038887        9.429549
1.252605        12.788780       -132.545000     -2.748313       0.104418        9.410160
1.252605        12.788780       -132.545000     -2.748313       0.104418        9.410160
0.935981        12.587968       -132.864397     -2.562514       0.160480        9.511997
0.935981        12.587968       -132.864397     -2.562514       0.160480        9.511997
0.566921        12.363642       -133.247780     -2.664296       0.460027        9.573399
0.566921        12.363642       -133.247780     -2.664296       0.460027        9.573399
0.088857        12.170373       -133.644911     -2.769900       0.682531        9.629348
0.088857        12.170373       -133.644911     -2.769900       0.682531        9.629348
-0.603895       11.987224       -134.048444     -2.809458       0.871323        9.616919
-0.603895       11.987224       -134.048444     -2.809458       0.871323        9.616919
-1.602285       11.779999       -134.511680     -2.852185       0.989399        9.739529
-1.602285       11.779999       -134.511680     -2.852185       0.989399        9.739529
-2.917004       11.566998       -135.101302     -2.987665       1.197907        9.631233
-2.917004       11.566998       -135.101302     -2.987665       1.197907        9.631233
-4.464312       11.404911       -135.857716     -3.092729       1.537560        9.588830
-4.464312       11.404911       -135.857716     -3.092729       1.537560        9.588830
-6.143023       11.261618       -136.787782     -2.865443       1.564606        9.693658
-6.143023       11.261618       -136.787782     -2.865443       1.564606        9.693658
-7.910502       11.085886       -137.790116     -2.846321       1.476827        9.867677
-7.910502       11.085886       -137.790116     -2.846321       1.476827        9.867677
-9.872988       10.800683       -138.771881     -3.190218       1.386897        10.112543
-9.872988       10.800683       -138.771881     -3.190218       1.386897        10.112543
-11.856485      10.361084       -139.535582     -3.142609       1.107913        10.217203
-11.856485      10.361084       -139.535582     -3.142609       1.107913        10.217203
-13.864925      9.811040        -140.052744     -2.902658       0.794145        10.558589
-13.864925      9.811040        -140.052744     -2.902658       0.794145        10.558589
-15.852828      9.221368        -140.279813     -2.858181       0.394209        10.487738
-15.852828      9.221368        -140.279813     -2.858181       0.394209        10.487738
-17.882919      8.693795        -140.188749     -3.140375       0.117938        10.365791
-17.882919      8.693795        -140.188749     -3.140375       0.117938        10.365791
-19.535778      8.385664        -139.940472     -3.478616       -0.144743       10.328501
-19.535778      8.385664        -139.940472     -3.478616       -0.144743       10.328501
-22.026430      8.006471        -139.407139     -3.065193       -0.472395       10.410638
-22.026430      8.006471        -139.407139     -3.065193       -0.472395       10.410638
-23.666260      7.687102        -138.963270     -2.568993       -1.168932       10.400812
-23.666260      7.687102        -138.963270     -2.568993       -1.168932       10.400812
-26.021173      7.027399        -138.141625     -2.792330       -1.589840       9.973513
-26.021173      7.027399        -138.141625     -2.792330       -1.589840       9.973513
-27.785042      6.370113        -137.275614     -2.907601       -2.153455       9.332357
-27.785042      6.370113        -137.275614     -2.907601       -2.153455       9.332357
-29.189167      5.724321        -136.236171     -2.788136       -2.622486       8.887055
-29.189167      5.724321        -136.236171     -2.788136       -2.622486       8.887055
-30.215121      5.132472        -134.875590     -2.611277       -3.217915       8.178629
-30.215121      5.132472        -134.875590     -2.611277       -3.217915       8.178629
-30.784813      4.662821        -133.207215     -2.097401       -4.155788       7.795537
-30.784813      4.662821        -133.207215     -2.097401       -4.155788       7.795537
-30.949280      4.332266        -131.201897     -2.161593       -4.796625       7.385758
-30.949280      4.332266        -131.201897     -2.161593       -4.796625       7.385758
-30.775917      4.212593        -129.476470     -1.871207       -4.960217       7.264722
-30.775917      4.212593        -129.476470     -1.871207       -4.960217       7.264722
-30.017775      4.325500        -126.851547     -1.607035       -4.828744       6.940768
-30.017775      4.325500        -126.851547     -1.607035       -4.828744       6.940768
-29.016739      4.656014        -124.718137     -1.492520       -4.778144       7.093088
-29.016739      4.656014        -124.718137     -1.492520       -4.778144       7.093088
-28.076196      4.984212        -123.027036     -1.117122       -4.864891       7.285921
-28.076196      4.984212        -123.027036     -1.117122       -4.864891       7.285921
-26.516956      5.498908        -120.538820     -0.812337       -4.713606       7.417743
-26.516956      5.498908        -120.538820     -0.812337       -4.713606       7.417743
-25.380595      5.894364        -118.993748     -0.322593       -3.984481       7.559447
-25.380595      5.894364        -118.993748     -0.322593       -3.984481       7.559447
-23.930081      6.520572        -117.204445     0.172406        -4.094684       7.810849
-23.930081      6.520572        -117.204445     0.172406        -4.094684       7.810849
-22.304181      7.540409        -115.067284     0.242170        -4.182906       8.163579
-22.304181      7.540409        -115.067284     0.242170        -4.182906       8.163579
-21.279553      8.357337        -113.554828     1.089572        -4.599175       8.402819
-21.279553      8.357337        -113.554828     1.089572        -4.599175       8.402819
-19.846858      9.529861        -111.449425     1.457885        -4.824763       8.313881
-19.846858      9.529861        -111.449425     1.457885        -4.824763       8.313881
-18.234893      10.804059       -109.132094     0.263813        -4.864239       7.743705
-18.234893      10.804059       -109.132094     0.263813        -4.864239       7.743705
-16.131297      12.114074       -106.341187     -0.740341       -5.937606       8.165848
-16.131297      12.114074       -106.341187     -0.740341       -5.937606       8.165848
-13.149868      12.876077       -102.955804     -1.755226       -6.124603       8.576400
-13.149868      12.876077       -102.955804     -1.755226       -6.124603       8.576400
-9.167941       12.436444       -99.072386      -3.007899       -5.851167       8.524215
-9.167941       12.436444       -99.072386      -3.007899       -5.851167       8.524215
-4.440462       10.934362       -95.079745      -4.174181       -5.340025       8.243280
-4.440462       10.934362       -95.079745      -4.174181       -5.340025       8.243280
1.701962        8.665633        -90.923154      -3.976582       -4.817028       8.409721
1.701962        8.665633        -90.923154      -3.976582       -4.817028       8.409721
5.753092        7.225109        -88.763122      -3.732215       -3.875589       8.317486
5.753092        7.225109        -88.763122      -3.732215       -3.875589       8.317486
11.135641       5.471274        -86.544474      -2.717863       -3.129287       9.066551
11.135641       5.471274        -86.544474      -2.717863       -3.129287       9.066551
14.684439       4.573896        -85.691791      -2.585839       -1.584835       9.870824
14.684439       4.573896        -85.691791      -2.585839       -1.584835       9.870824
16.601951       4.323400        -85.719859      -2.966407       -0.076826       10.045701
16.601951       4.323400        -85.719859      -2.966407       -0.076826       10.045701
18.019189       4.425703        -86.345963      -2.655151       0.917039        10.247292
18.019189       4.425703        -86.345963      -2.655151       0.917039        10.247292
18.476803       4.750891        -87.653908      -2.985661       1.913147        10.505663
18.476803       4.750891        -87.653908      -2.985661       1.913147        10.505663
18.220292       4.855950        -88.735489      -2.254451       1.901151        10.978824
18.220292       4.855950        -88.735489      -2.254451       1.901151        10.978824
17.477653       4.864018        -90.062956      -1.673102       1.858387        10.690931
17.477653       4.864018        -90.062956      -1.673102       1.858387        10.690931
16.507414       4.865611        -91.240832      -1.778553       1.991829        10.681779
16.507414       4.865611        -91.240832      -1.778553       1.991829        10.681779
15.422462       4.776293        -92.223394      -0.936167       1.925496        10.624475
15.422462       4.776293        -92.223394      -0.936167       1.925496        10.624475
14.271695       4.504604        -92.942373      -0.486018       1.633304        10.606351
14.271695       4.504604        -92.942373      -0.486018       1.633304        10.606351
12.987129       4.080890        -93.526677      -0.893082       1.741273        10.242479
12.987129       4.080890        -93.526677      -0.893082       1.741273        10.242479
12.290000       3.795751        -93.808185      -0.816906       2.092530        9.884526
12.290000       3.795751        -93.808185      -0.816906       2.092530        9.884526
11.515716       3.425856        -94.158936      -0.985141       2.224745        9.820141
11.515716       3.425856        -94.158936      -0.985141       2.224745        9.820141
11.130347       3.211375        -94.377860      -0.925292       1.967789        9.931552
11.130347       3.211375        -94.377860      -0.925292       1.967789        9.931552
10.728443       2.912702        -94.639876      -0.807680       1.869896        9.946377
10.728443       2.912702        -94.639876      -0.807680       1.869896        9.946377
10.492685       2.646950        -94.919638      -0.862533       1.863556        10.046865
10.492685       2.646950        -94.919638      -0.862533       1.863556        10.046865
10.415198       2.469494        -95.253286      -1.078400       2.002452        9.873178
10.415198       2.469494        -95.253286      -1.078400       2.002452        9.873178
10.442636       2.357103        -95.610079      -1.004274       1.927851        9.858901
10.442636       2.357103        -95.610079      -1.004274       1.927851        9.858901
10.500269       2.208768        -96.004832      -1.046550       2.036012        9.879519
10.500269       2.208768        -96.004832      -1.046550       2.036012        9.879519
10.564618       2.027160        -96.419160      -1.357578       1.976695        9.804040
10.564618       2.027160        -96.419160      -1.357578       1.976695        9.804040
10.677421       1.820602        -96.860457      -1.366275       2.007517        9.645010
10.677421       1.820602        -96.860457      -1.366275       2.007517        9.645010
10.836543       1.540547        -97.304745      -1.967091       2.237480        9.569486
10.836543       1.540547        -97.304745      -1.967091       2.237480        9.569486
11.006211       1.069617        -97.754351      -2.223776       2.432695        9.746771
11.006211       1.069617        -97.754351      -2.223776       2.432695        9.746771
11.101084       0.470876        -98.132190      -2.714383       2.498749        9.932223
11.101084       0.470876        -98.132190      -2.714383       2.498749        9.932223
11.138840       -0.590296       -98.688113      -2.531629       2.609943        9.928088
11.138840       -0.590296       -98.688113      -2.531629       2.609943        9.928088
10.990009       -1.964501       -99.382912      -2.743392       2.725430        9.725608
10.990009       -1.964501       -99.382912      -2.743392       2.725430        9.725608
10.610453       -3.127895       -99.944731      -2.833042       2.717748        9.571962
10.610453       -3.127895       -99.944731      -2.833042       2.717748        9.571962
9.999955        -4.482914       -100.511929     -2.426459       2.840123        9.528040
9.999955        -4.482914       -100.511929     -2.426459       2.840123        9.528040
9.380438        -5.746928       -100.967012     -2.738739       2.824539        9.503073
9.380438        -5.746928       -100.967012     -2.738739       2.824539        9.503073
8.306339        -7.905395       -101.643222     -2.746413       3.051610        9.448766
8.306339        -7.905395       -101.643222     -2.746413       3.051610        9.448766
7.287171        -9.875701       -102.114003     -2.075516       2.602109        9.313971
7.287171        -9.875701       -102.114003     -2.075516       2.602109        9.313971
6.195853        -11.911053      -102.455617     -1.542125       2.422245        9.241541
6.195853        -11.911053      -102.455617     -1.542125       2.422245        9.241541
5.151817        -13.911361      -102.677163     -1.063043       2.063529        9.520176
5.151817        -13.911361      -102.677163     -1.063043       2.063529        9.520176
4.325345        -15.984314      -102.804841     -0.983740       1.858624        9.843678
4.325345        -15.984314      -102.804841     -0.983740       1.858624        9.843678
3.862966        -17.903125      -102.823997     -0.663202       1.564403        9.633438
3.862966        -17.903125      -102.823997     -0.663202       1.564403        9.633438
3.531290        -20.937964      -102.755608     0.479901        1.233837        9.170451
3.531290        -20.937964      -102.755608     0.479901        1.233837        9.170451
3.405354        -23.455704      -102.592041     1.847156        0.758140        9.033536
3.405354        -23.455704      -102.592041     1.847156        0.758140        9.033536
3.339586        -25.283051      -102.407874     3.182991        0.319691        8.908239
3.339586        -25.283051      -102.407874     3.182991        0.319691        8.908239
3.210423        -27.627866      -101.950973     3.125370        0.478768        8.193358
3.210423        -27.627866      -101.950973     3.125370        0.478768        8.193358
3.078327        -29.248633      -101.489914     4.972155        0.607212        7.746877
3.078327        -29.248633      -101.489914     4.972155        0.607212        7.746877
2.839578        -30.615529      -101.006207     5.067266        0.737446        7.397002
2.839578        -30.615529      -101.006207     5.067266        0.737446        7.397002
2.511716        -31.558343      -100.630736     5.990400        0.525707        7.000779
2.511716        -31.558343      -100.630736     5.990400        0.525707        7.000779
1.664428        -32.640595      -99.969655      6.623234        0.537185        6.339362
1.664428        -32.640595      -99.969655      6.623234        0.537185        6.339362
0.996529        -33.129916      -99.553260      7.407257        0.176798        6.437191
0.996529        -33.129916      -99.553260      7.407257        0.176798        6.437191
0.053702        -33.486433      -99.070937      7.367950        -0.015262       6.525711
0.053702        -33.486433      -99.070937      7.367950        -0.015262       6.525711
-0.421574       -33.550134      -98.840076      7.424235        -0.518856       6.887239
-0.421574       -33.550134      -98.840076      7.424235        -0.518856       6.887239
-1.027284       -33.617922      -98.416211      8.021977        -0.820115       6.875960
-1.027284       -33.617922      -98.416211      8.021977        -0.820115       6.875960
-1.417025       -33.644644      -98.022683      7.911059        -1.155916       7.110412
-1.417025       -33.644644      -98.022683      7.911059        -1.155916       7.110412
-1.888139       -33.508085      -97.501292      8.715611        -1.225270       7.517796
-1.888139       -33.508085      -97.501292      8.715611        -1.225270       7.517796
-2.346216       -33.008236      -97.020965      9.844640        -1.236525       7.936550
-2.346216       -33.008236      -97.020965      9.844640        -1.236525       7.936550
-2.881720       -32.077885      -96.548853      9.638416        -1.642675       7.711843
-2.881720       -32.077885      -96.548853      9.638416        -1.642675       7.711843
-3.533966       -31.086325      -96.068406      8.301373        -1.657848       7.728823
-3.533966       -31.086325      -96.068406      8.301373        -1.657848       7.728823
-4.251299       -30.063799      -95.639218      8.315268        -1.981875       7.937690
-4.251299       -30.063799      -95.639218      8.315268        -1.981875       7.937690
-4.952509       -28.785203      -95.355505      7.832303        -2.270067       7.994112
-4.952509       -28.785203      -95.355505      7.832303        -2.270067       7.994112
-5.566832       -27.414320      -95.236431      8.177097        -2.366264       8.196768
-5.566832       -27.414320      -95.236431      8.177097        -2.366264       8.196768
-6.143520       -25.764611      -95.235464      7.366464        -2.279014       8.143703
-6.143520       -25.764611      -95.235464      7.366464        -2.279014       8.143703
-6.749052       -23.388541      -95.420205      7.149658        -2.071606       8.045628
-6.749052       -23.388541      -95.420205      7.149658        -2.071606       8.045628
-7.152130       -21.466970      -95.666835      6.921977        -2.549943       8.827858
-7.152130       -21.466970      -95.666835      6.921977        -2.549943       8.827858
-7.461356       -19.529730      -95.984362      5.450249        -2.002384       8.434765
-7.461356       -19.529730      -95.984362      5.450249        -2.002384       8.434765
-7.673094       -17.619641      -96.436997      5.330190        -1.867605       7.976715
-7.673094       -17.619641      -96.436997      5.330190        -1.867605       7.976715
-8.057578       -14.512266      -97.176513      5.261811        -1.710465       7.701646
-8.057578       -14.512266      -97.176513      5.261811        -1.710465       7.701646
-8.729614       -10.933547      -97.940014      4.769163        -1.718761       8.178909
-8.729614       -10.933547      -97.940014      4.769163        -1.718761       8.178909
-9.578686       -7.111571       -98.726690      4.637556        -2.142240       8.795061
-9.578686       -7.111571       -98.726690      4.637556        -2.142240       8.795061
-10.502783      -2.539313       -99.787111      5.034445        -2.589225       9.601231
-10.502783      -2.539313       -99.787111      5.034445        -2.589225       9.601231
-10.953381      0.313084        -100.417244     3.889129        -2.867138       9.629265
-10.953381      0.313084        -100.417244     3.889129        -2.867138       9.629265
-11.184588      3.164208        -100.959271     3.000239        -2.947484       9.278345
-11.184588      3.164208        -100.959271     3.000239        -2.947484       9.278345
-11.053257      5.554874        -101.344846     2.462883        -2.816317       9.217816
-11.053257      5.554874        -101.344846     2.462883        -2.816317       9.217816
-10.690686      7.730471        -101.482427     1.404985        -2.951122       8.604700
-10.690686      7.730471        -101.482427     1.404985        -2.951122       8.604700
-10.127122      9.874692        -101.341162     0.878505        -3.099560       8.344874
-10.127122      9.874692        -101.341162     0.878505        -3.099560       8.344874
-9.235110       12.044893       -101.112509     0.428440        -2.740084       8.544229
-9.235110       12.044893       -101.112509     0.428440        -2.740084       8.544229
-8.040292       14.192967       -100.979071     -0.359533       -2.141477       8.328497
-8.040292       14.192967       -100.979071     -0.359533       -2.141477       8.328497
-6.706618       16.261428       -100.958861     -0.815761       -1.888645       8.085042
-6.706618       16.261428       -100.958861     -0.815761       -1.888645       8.085042
-5.343768       18.262488       -101.008079     -0.977984       -1.750899       8.196135
-5.343768       18.262488       -101.008079     -0.977984       -1.750899       8.196135
-4.016906       20.242825       -101.170229     -0.980717       -1.289375       8.340874
-4.016906       20.242825       -101.170229     -0.980717       -1.289375       8.340874
-2.870191       22.234641       -101.371914     -2.245442       -0.616105       7.876328
-2.870191       22.234641       -101.371914     -2.245442       -0.616105       7.876328
-1.924358       24.209739       -101.555420     -2.968731       -0.504165       7.973340
-1.924358       24.209739       -101.555420     -2.968731       -0.504165       7.973340
-1.115834       26.197212       -101.748983     -3.622950       -0.167300       7.776570
-1.115834       26.197212       -101.748983     -3.622950       -0.167300       7.776570
-0.462675       28.014727       -101.909365     -4.621094       0.299616        7.099754
-0.462675       28.014727       -101.909365     -4.621094       0.299616        7.099754
0.184719        29.571330       -102.035921     -5.181554       0.615564        7.443899
0.184719        29.571330       -102.035921     -5.181554       0.615564        7.443899
0.828763        30.489576       -102.129656     -6.698503       0.877810        7.511702
0.828763        30.489576       -102.129656     -6.698503       0.877810        7.511702
2.116603        31.227726       -102.407135     -7.233440       1.061469        7.607755
2.116603        31.227726       -102.407135     -7.233440       1.061469        7.607755
3.172730        31.247501       -102.726473     -7.444532       1.372612        7.794800
3.172730        31.247501       -102.726473     -7.444532       1.372612        7.794800
4.968936        30.431920       -103.340095     -8.380017       1.707905        7.410878
4.968936        30.431920       -103.340095     -8.380017       1.707905        7.410878
6.678707        28.951768       -103.949359     -8.677404       1.678909        7.359027
6.678707        28.951768       -103.949359     -8.677404       1.678909        7.359027
8.519586        26.875037       -104.696650     -8.598336       2.496900        7.150671
8.519586        26.875037       -104.696650     -8.598336       2.496900        7.150671
10.012539       24.935278       -105.280342     -9.231081       2.871758        7.073265
10.012539       24.935278       -105.280342     -9.231081       2.871758        7.073265
12.252465       21.631850       -105.887422     -8.160497       2.837990        7.695069
12.252465       21.631850       -105.887422     -8.160497       2.837990        7.695069
13.865643       18.769178       -105.977254     -7.571802       2.459964        8.647640
13.865643       18.769178       -105.977254     -7.571802       2.459964        8.647640
15.164659       15.781271       -105.772798     -6.584441       2.607922        9.162844
15.164659       15.781271       -105.772798     -6.584441       2.607922        9.162844
16.052676       12.817643       -105.357323     -6.300598       3.561203        8.948258
16.052676       12.817643       -105.357323     -6.300598       3.561203        8.948258
16.497842       10.096363       -104.882614     -5.102718       3.745569        8.893940
16.497842       10.096363       -104.882614     -5.102718       3.745569        8.893940
16.456156       7.777926        -104.410122     -5.053070       3.872963        8.912512
16.456156       7.777926        -104.410122     -5.053070       3.872963        8.912512
16.064918       6.283470        -104.104450     -3.690515       3.770533        9.273712
16.064918       6.283470        -104.104450     -3.690515       3.770533        9.273712
15.193631       4.850260        -103.843760     -3.783783       3.454031        9.118752
15.193631       4.850260        -103.843760     -3.783783       3.454031        9.118752
14.035046       3.851118        -103.745577     -3.102839       3.190675        8.951391
14.035046       3.851118        -103.745577     -3.102839       3.190675        8.951391
12.424487       3.185549        -103.751180     -2.541383       2.780036        8.758563
12.424487       3.185549        -103.751180     -2.541383       2.780036        8.758563
10.901909       2.880994        -103.798224     -2.188502       2.036545        8.828498
10.901909       2.880994        -103.798224     -2.188502       2.036545        8.828498
9.745145        2.727141        -103.885778     -1.109200       1.473004        9.036390
9.745145        2.727141        -103.885778     -1.109200       1.473004        9.036390
8.434640        2.701484        -104.021633     -1.205291       1.535346        9.099664
8.434640        2.701484        -104.021633     -1.205291       1.535346        9.099664
7.333962        2.849378        -104.120200     -1.068907       1.316199        9.120482
7.333962        2.849378        -104.120200     -1.068907       1.316199        9.120482
6.467463        2.974423        -104.142542     -0.636128       0.722856        9.303583
6.467463        2.974423        -104.142542     -0.636128       0.722856        9.303583
5.870229        2.981230        -104.095370     -0.454328       0.344456        9.559640
5.870229        2.981230        -104.095370     -0.454328       0.344456        9.559640
5.542764        3.009273        -103.990669     -0.428764       0.488467        9.546107
5.542764        3.009273        -103.990669     -0.428764       0.488467        9.546107
5.448481        3.089281        -103.848602     -0.919552       0.545366        9.619867
5.448481        3.089281        -103.848602     -0.919552       0.545366        9.619867
5.540914        3.034723        -103.683463     -0.960432       0.696960        9.827776
5.540914        3.034723        -103.683463     -0.960432       0.696960        9.827776
5.713121        2.861083        -103.604918     -0.753207       0.615284        9.924736
5.713121        2.861083        -103.604918     -0.753207       0.615284        9.924736
5.859367        2.764447        -103.580226     -0.669386       0.899935        9.887341
5.859367        2.764447        -103.580226     -0.669386       0.899935        9.887341
6.004531        2.751169        -103.613530     -0.305099       0.709447        9.827148
6.004531        2.751169        -103.613530     -0.305099       0.709447        9.827148
6.088200        2.839912        -103.723767     -0.247927       0.937853        9.861888
6.088200        2.839912        -103.723767     -0.247927       0.937853        9.861888
6.107044        2.945101        -103.900045     -0.272475       1.025353        10.123787
6.107044        2.945101        -103.900045     -0.272475       1.025353        10.123787
6.053601        3.032407        -104.026138     -0.274260       0.956822        10.144515
6.053601        3.032407        -104.026138     -0.274260       0.956822        10.144515
5.969054        3.106890        -104.094622     -0.384256       0.846817        10.184458
5.969054        3.106890        -104.094622     -0.384256       0.846817        10.184458
5.845045        3.165065        -104.155224     -0.077481       0.768215        10.200830
5.845045        3.165065        -104.155224     -0.077481       0.768215        10.200830
5.727378        3.191075        -104.185950     -0.289994       0.858789        10.094146
5.727378        3.191075        -104.185950     -0.289994       0.858789        10.094146
5.642261        3.248863        -104.198267     -0.318900       0.864427        9.912506
5.642261        3.248863        -104.198267     -0.318900       0.864427        9.912506
5.585857        3.437131        -104.136742     -0.362671       0.788936        9.662368
5.585857        3.437131        -104.136742     -0.362671       0.788936        9.662368
5.558394        3.725099        -103.945812     -0.449021       0.578453        9.687644
5.558394        3.725099        -103.945812     -0.449021       0.578453        9.687644
5.603525        3.870542        -103.725082     -0.567414       0.594948        9.694098
5.603525        3.870542        -103.725082     -0.567414       0.594948        9.694098
5.677251        3.965216        -103.520727     -0.912538       0.846624        9.458326
5.677251        3.965216        -103.520727     -0.912538       0.846624        9.458326
5.770078        4.219320        -103.200631     -0.862290       0.985473        9.307261
5.770078        4.219320        -103.200631     -0.862290       0.985473        9.307261
5.730476        4.687564        -102.796058     -0.728620       1.097162        9.333452
5.730476        4.687564        -102.796058     -0.728620       1.097162        9.333452
5.486257        5.231525        -102.300796     -1.275928       1.204122        9.540541
5.486257        5.231525        -102.300796     -1.275928       1.204122        9.540541
5.037135        5.746951        -101.807759     -0.914809       1.742959        9.865462
5.037135        5.746951        -101.807759     -0.914809       1.742959        9.865462
4.308431        6.376226        -101.285703     -0.999721       2.439744        9.832822
4.308431        6.376226        -101.285703     -0.999721       2.439744        9.832822
3.197783        7.071298        -100.691547     -0.930927       2.918226        10.222740
3.197783        7.071298        -100.691547     -0.930927       2.918226        10.222740
1.641615        7.792102        -100.086818     -0.269873       2.982161        11.101589
1.641615        7.792102        -100.086818     -0.269873       2.982161        11.101589
-0.464565       8.524171        -99.521429      -0.962330       3.284900        11.295825
-0.464565       8.524171        -99.521429      -0.962330       3.284900        11.295825
-3.183680       9.223137        -99.158663      -0.460849       3.306151        11.509837
-3.183680       9.223137        -99.158663      -0.460849       3.306151        11.509837
-6.510840       9.838317        -99.131816      -0.389081       2.888066        11.434601
-6.510840       9.838317        -99.131816      -0.389081       2.888066        11.434601
-9.524525       10.316073       -99.427088      -0.402448       2.275640        11.082987
-9.524525       10.316073       -99.427088      -0.402448       2.275640        11.082987
-14.598483      11.182874       -100.446863     -0.391359       1.878101        10.398204
-14.598483      11.182874       -100.446863     -0.391359       1.878101        10.398204
-18.861545      11.908464       -101.618753     -0.174447       0.629838        9.627465
-18.861545      11.908464       -101.618753     -0.174447       0.629838        9.627465
-23.092341      12.554610       -102.834632     -0.932927       -0.708789       9.405262
-23.092341      12.554610       -102.834632     -0.932927       -0.708789       9.405262
-26.319006      13.025344       -103.717047     -1.068035       -1.992943       9.146389
-26.319006      13.025344       -103.717047     -1.068035       -1.992943       9.146389
-29.985379      13.642626       -104.589520     -1.028719       -3.043451       8.910455
-29.985379      13.642626       -104.589520     -1.028719       -3.043451       8.910455
-33.556464      14.378626       -104.958323     -2.264408       -4.293425       8.641288
-33.556464      14.378626       -104.958323     -2.264408       -4.293425       8.641288
-35.583061      14.852870       -104.440673     -2.849146       -5.279360       8.590135
-35.583061      14.852870       -104.440673     -2.849146       -5.279360       8.590135
-36.659563      15.161811       -103.175876     -3.226522       -5.179104       8.172198
-36.659563      15.161811       -103.175876     -3.226522       -5.179104       8.172198
-36.895703      15.271616       -101.606718     -3.274198       -5.129271       6.995362
-36.895703      15.271616       -101.606718     -3.274198       -5.129271       6.995362
-36.445320      15.279921       -98.709959      -3.811248       -5.262764       6.186749
-36.445320      15.279921       -98.709959      -3.811248       -5.262764       6.186749
-35.562163      15.417501       -95.984100      -3.392733       -6.082809       6.084360
-35.562163      15.417501       -95.984100      -3.392733       -6.082809       6.084360
-34.397200      15.760662       -93.318943      -2.908332       -6.425591       5.984873
-34.397200      15.760662       -93.318943      -2.908332       -6.425591       5.984873
-33.350459      16.133576       -91.319345      -3.491062       -6.149734       5.547485
-33.350459      16.133576       -91.319345      -3.491062       -6.149734       5.547485
-31.950923      16.595245       -89.077006      -3.947855       -5.972877       5.646111
-31.950923      16.595245       -89.077006      -3.947855       -5.972877       5.646111
-30.445635      16.901747       -87.213413      -4.420354       -5.852701       5.680895
-30.445635      16.901747       -87.213413      -4.420354       -5.852701       5.680895
-28.798121      16.946365       -85.706203      -4.376342       -5.874467       6.183079
-28.798121      16.946365       -85.706203      -4.376342       -5.874467       6.183079
-27.051533      16.757883       -84.494240      -4.891239       -5.793241       6.414849
-27.051533      16.757883       -84.494240      -4.891239       -5.793241       6.414849
-25.226232      16.411712       -83.556424      -5.014179       -5.857075       6.766820
-25.226232      16.411712       -83.556424      -5.014179       -5.857075       6.766820
-22.982857      15.822040       -82.702283      -4.996532       -5.916204       7.147180
-22.982857      15.822040       -82.702283      -4.996532       -5.916204       7.147180
-21.363452      15.270995       -82.215744      -5.359608       -5.599429       7.471958
-21.363452      15.270995       -82.215744      -5.359608       -5.599429       7.471958
-19.017969      14.256834       -81.553268      -5.994193       -5.247647       7.545083
-19.017969      14.256834       -81.553268      -5.994193       -5.247647       7.545083
-17.489850      13.395322       -81.088504      -5.358308       -4.835186       8.175026
-17.489850      13.395322       -81.088504      -5.358308       -4.835186       8.175026
-15.756185      12.034243       -80.461559      -5.350978       -4.820422       8.224566
-15.756185      12.034243       -80.461559      -5.350978       -4.820422       8.224566
-14.000205      10.046349       -79.773396      -4.228703       -4.483324       8.588576
-14.000205      10.046349       -79.773396      -4.228703       -4.483324       8.588576
-13.021445      8.637789        -79.414704      -3.969697       -4.159440       8.383079
-13.021445      8.637789        -79.414704      -3.969697       -4.159440       8.383079
-11.743781      6.534181        -79.104517      -3.963442       -4.229727       8.322082
-11.743781      6.534181        -79.104517      -3.963442       -4.229727       8.322082
-10.699800      4.837181        -78.989138      -4.170684       -3.880696       8.533988
-10.699800      4.837181        -78.989138      -4.170684       -3.880696       8.533988
-9.753515       3.445478        -78.854896      -4.172134       -3.891648       9.060661
-9.753515       3.445478        -78.854896      -4.172134       -3.891648       9.060661
-8.240619       1.508196        -78.535226      -2.868237       -4.350939       9.919995
-8.240619       1.508196        -78.535226      -2.868237       -4.350939       9.919995
-5.735798       -1.172065       -77.925332      -2.458585       -4.946893       9.899396
-5.735798       -1.172065       -77.925332      -2.458585       -4.946893       9.899396
-3.714579       -2.849794       -77.487296      -3.141428       -4.116997       9.365775
-3.714579       -2.849794       -77.487296      -3.141428       -4.116997       9.365775
-0.734813       -4.758751       -76.911771      -2.496375       -3.687165       9.090058
-0.734813       -4.758751       -76.911771      -2.496375       -3.687165       9.090058
2.704337        -6.656782       -76.320572      -3.003958       -2.887535       8.745892
2.704337        -6.656782       -76.320572      -3.003958       -2.887535       8.745892
7.238803        -9.206639       -75.858359      -1.101965       -2.479925       8.815003
7.238803        -9.206639       -75.858359      -1.101965       -2.479925       8.815003
11.147372       -11.317443      -75.821478      0.119768        -1.412003       9.024228
11.147372       -11.317443      -75.821478      0.119768        -1.412003       9.024228
14.296358       -12.778825      -75.991962      0.221607        -0.029340       8.789540
14.296358       -12.778825      -75.991962      0.221607        -0.029340       8.789540
18.203493       -14.386089      -76.410053      0.287004        1.211393        8.561162
18.203493       -14.386089      -76.410053      0.287004        1.211393        8.561162
22.005629       -15.963928      -77.179049      2.961993        1.782632        8.330394
22.005629       -15.963928      -77.179049      2.961993        1.782632        8.330394
26.274895       -17.635252      -78.546545      3.766154        2.746051        7.857873
26.274895       -17.635252      -78.546545      3.766154        2.746051        7.857873
29.485446       -18.501143      -79.777828      4.424065        3.893470        7.379375
29.485446       -18.501143      -79.777828      4.424065        3.893470        7.379375
31.706078       -18.895741      -80.603707      3.926804        5.063770        6.900038
31.706078       -18.895741      -80.603707      3.926804        5.063770        6.900038
34.020802       -19.244906      -81.560536      5.082472        4.995589        6.448602
34.020802       -19.244906      -81.560536      5.082472        4.995589        6.448602
35.612674       -19.342732      -82.331950      5.617130        5.556026        6.284652
35.612674       -19.342732      -82.331950      5.617130        5.556026        6.284652
36.595069       -19.128793      -82.848306      6.155972        5.975503        6.166424
36.595069       -19.128793      -82.848306      6.155972        5.975503        6.166424
36.993525       -18.603041      -83.225461      5.789890        5.934813        5.932188
36.993525       -18.603041      -83.225461      5.789890        5.934813        5.932188
36.802362       -17.791376      -83.529310      5.640320        6.306241        5.679499
36.802362       -17.791376      -83.529310      5.640320        6.306241        5.679499
36.108851       -16.695457      -83.874356      5.130907        7.208252        5.567819
36.108851       -16.695457      -83.874356      5.130907        7.208252        5.567819
35.001535       -15.339421      -84.399186      5.366772        7.187535        5.968222
35.001535       -15.339421      -84.399186      5.366772        7.187535        5.968222
33.463482       -13.890919      -85.146475      4.990333        7.230920        6.400022
33.463482       -13.890919      -85.146475      4.990333        7.230920        6.400022
31.450189       -12.382780      -86.023686      4.368836        7.187558        6.558479
31.450189       -12.382780      -86.023686      4.368836        7.187558        6.558479
29.076671       -10.725602      -87.065006      4.576943        6.883838        7.450354
29.076671       -10.725602      -87.065006      4.576943        6.883838        7.450354
26.381811       -8.996957       -88.242611      3.919398        7.117431        7.803635
26.381811       -8.996957       -88.242611      3.919398        7.117431        7.803635
23.979242       -7.527174       -89.411702      3.852268        6.455326        8.775476
23.979242       -7.527174       -89.411702      3.852268        6.455326        8.775476
20.446911       -5.434944       -91.449103      3.189112        6.290803        9.055831
20.446911       -5.434944       -91.449103      3.189112        6.290803        9.055831
17.442743       -3.750447       -93.340694      2.800596        5.604758        9.585690
17.442743       -3.750447       -93.340694      2.800596        5.604758        9.585690
14.384841       -2.209616       -95.296166      2.182708        5.152957        10.099242
14.384841       -2.209616       -95.296166      2.182708        5.152957        10.099242
11.416622       -0.858540       -97.303001      1.647009        4.707732        10.522455
11.416622       -0.858540       -97.303001      1.647009        4.707732        10.522455
8.651039        0.253236        -99.325620      1.191063        3.780262        10.495869
8.651039        0.253236        -99.325620      1.191063        3.780262        10.495869
6.081162        1.135904        -101.192628     0.269605        3.616752        9.920197
6.081162        1.135904        -101.192628     0.269605        3.616752        9.920197
3.685488        1.826596        -102.718725     0.688671        2.947213        10.083887
3.685488        1.826596        -102.718725     0.688671        2.947213        10.083887
1.514087        2.378164        -103.827929     0.770358        2.024131        10.252268
1.514087        2.378164        -103.827929     0.770358        2.024131        10.252268
-0.294645       2.773873        -104.624069     0.898367        1.274360        10.229614
-0.294645       2.773873        -104.624069     0.898367        1.274360        10.229614
-1.734708       3.023598        -105.191832     -0.074546       1.438932        9.622595
-1.734708       3.023598        -105.191832     -0.074546       1.438932        9.622595
-2.585177       3.166331        -105.399089     -0.387948       0.738440        9.172688
-2.585177       3.166331        -105.399089     -0.387948       0.738440        9.172688
-3.574524       3.526145        -105.302500     -0.324730       0.673520        9.309655
-3.574524       3.526145        -105.302500     -0.324730       0.673520        9.309655
-4.064354       3.897502        -105.025036     -0.207871       -0.133270       9.256312
-4.064354       3.897502        -105.025036     -0.207871       -0.133270       9.256312
-4.556050       4.565172        -104.403537     -0.499426       -0.372226       9.198179
-4.556050       4.565172        -104.403537     -0.499426       -0.372226       9.198179
-4.764331       5.011749        -103.866796     -1.569530       -0.545514       8.637102
-4.764331       5.011749        -103.866796     -1.569530       -0.545514       8.637102
-4.917040       5.535349        -103.133837     -1.801502       -0.690851       8.912348
-4.917040       5.535349        -103.133837     -1.801502       -0.690851       8.912348
-4.942345       6.028444        -102.405820     -1.946708       -0.937746       8.827314
-4.942345       6.028444        -102.405820     -1.946708       -0.937746       8.827314
-4.828156       6.482005        -101.750537     -2.013248       -0.985219       8.888089
-4.828156       6.482005        -101.750537     -2.013248       -0.985219       8.888089
-4.534328       6.911907        -101.102430     -2.326333       -1.083707       8.753839
-4.534328       6.911907        -101.102430     -2.326333       -1.083707       8.753839
-4.277169       7.135477        -100.783990     -2.353808       -1.250457       8.692478
-4.277169       7.135477        -100.783990     -2.353808       -1.250457       8.692478
-3.898977       7.421617        -100.484523     -2.502279       -1.030468       8.781893
-3.898977       7.421617        -100.484523     -2.502279       -1.030468       8.781893
-3.501401       7.733137        -100.280994     -2.293289       -1.082045       9.041570
-3.501401       7.733137        -100.280994     -2.293289       -1.082045       9.041570
-3.093612       8.159949        -100.129522     -2.430690       -1.021306       9.543674
-3.093612       8.159949        -100.129522     -2.430690       -1.021306       9.543674
-2.893973       8.457115        -100.080379     -2.401330       -1.005109       9.833934
-2.893973       8.457115        -100.080379     -2.401330       -1.005109       9.833934
-2.675223       8.851317        -100.091882     -2.638715       -0.845159       9.902298
-2.675223       8.851317        -100.091882     -2.638715       -0.845159       9.902298
-2.579291       9.022316        -100.152117     -2.690121       -0.748859       9.949499
-2.579291       9.022316        -100.152117     -2.690121       -0.748859       9.949499
-2.555610       9.130377        -100.282523     -2.724649       -0.728427       10.050603
-2.555610       9.130377        -100.282523     -2.724649       -0.728427       10.050603
-2.656977       9.152432        -100.412269     -2.372605       -0.879068       10.233509
-2.656977       9.152432        -100.412269     -2.372605       -0.879068       10.233509
-2.783760       9.157595        -100.541899     -2.190670       -0.931389       10.221868
-2.783760       9.157595        -100.541899     -2.190670       -0.931389       10.221868
-2.996619       9.149753        -100.783757     -2.461177       -0.808430       10.058757
-2.996619       9.149753        -100.783757     -2.461177       -0.808430       10.058757
-3.156229       9.109323        -100.985977     -2.284736       -0.931531       10.181958
-3.156229       9.109323        -100.985977     -2.284736       -0.931531       10.181958
-3.263457       9.045610        -101.116392     -2.010053       -1.143816       10.259224
-3.263457       9.045610        -101.116392     -2.010053       -1.143816       10.259224
-3.322196       8.875562        -101.226888     -1.850992       -1.232057       10.160360
-3.322196       8.875562        -101.226888     -1.850992       -1.232057       10.160360
-3.258426       8.702957        -101.237777     -1.851287       -1.156145       10.169278
-3.258426       8.702957        -101.237777     -1.851287       -1.156145       10.169278
-3.017571       8.386794        -101.175698     -1.783435       -1.158707       10.100033
-3.017571       8.386794        -101.175698     -1.783435       -1.158707       10.100033
-2.722882       8.120878        -101.097433     -1.680599       -1.102509       10.038366
-2.722882       8.120878        -101.097433     -1.680599       -1.102509       10.038366
-2.362648       7.884538        -101.020531     -1.583694       -1.088480       10.073195
-2.362648       7.884538        -101.020531     -1.583694       -1.088480       10.073195
-2.038807       7.715536        -100.954189     -1.484516       -1.127066       9.942643
-2.038807       7.715536        -100.954189     -1.484516       -1.127066       9.942643
-1.520855       7.469888        -100.838441     -1.305654       -1.250713       9.901232
-1.520855       7.469888        -100.838441     -1.305654       -1.250713       9.901232
-1.170503       7.300502        -100.767990     -1.149422       -1.413978       10.058738
-1.170503       7.300502        -100.767990     -1.149422       -1.413978       10.058738
-0.650458       7.101957        -100.658965     -1.315209       -1.495120       9.944088
-0.650458       7.101957        -100.658965     -1.315209       -1.495120       9.944088
-0.248002       7.032790        -100.545316     -1.267526       -2.102863       10.043343
-0.248002       7.032790        -100.545316     -1.267526       -2.102863       10.043343
0.355107        6.985074        -100.275910     -1.477045       -2.609764       9.906484
0.355107        6.985074        -100.275910     -1.477045       -2.609764       9.906484
1.183711        6.952396        -99.843185      -1.358944       -2.965761       9.767099
1.183711        6.952396        -99.843185      -1.358944       -2.965761       9.767099
2.369472        6.978035        -99.285667      -1.236054       -3.374404       9.619600
2.369472        6.978035        -99.285667      -1.236054       -3.374404       9.619600
3.979148        7.047780        -98.626318      -1.532093       -3.152976       9.206701
3.979148        7.047780        -98.626318      -1.532093       -3.152976       9.206701
5.988931        7.097239        -97.909656      -1.252409       -3.048770       9.357889
5.988931        7.097239        -97.909656      -1.252409       -3.048770       9.357889
8.311513        7.093979        -97.139159      -1.269061       -2.350774       9.419974
8.311513        7.093979        -97.139159      -1.269061       -2.350774       9.419974
10.914251       7.037480        -96.270467      -0.992470       -1.991126       9.653145
10.914251       7.037480        -96.270467      -0.992470       -1.991126       9.653145
13.772148       6.864016        -95.317956      -0.951365       -1.339951       9.867931
13.772148       6.864016        -95.317956      -0.951365       -1.339951       9.867931
16.853145       6.488570        -94.370079      -0.691255       -0.786505       10.199401
16.853145       6.488570        -94.370079      -0.691255       -0.786505       10.199401
19.801319       5.883057        -93.609511      -0.599600       -0.370470       10.666657
19.801319       5.883057        -93.609511      -0.599600       -0.370470       10.666657
22.666088       5.023986        -93.061890      -1.090119       0.315885        10.673855
22.666088       5.023986        -93.061890      -1.090119       0.315885        10.673855
25.315039       4.043412        -92.875597      -1.230116       1.115438        10.683407
25.315039       4.043412        -92.875597      -1.230116       1.115438        10.683407
27.584174       3.115946        -93.140329      -1.438045       2.105190        10.337095
27.584174       3.115946        -93.140329      -1.438045       2.105190        10.337095
29.426863       2.315870        -93.810529      -1.392191       2.820015        10.123159
29.426863       2.315870        -93.810529      -1.392191       2.820015        10.123159
30.929941       1.640702        -94.796700      -1.552235       3.481819        9.682873
30.929941       1.640702        -94.796700      -1.552235       3.481819        9.682873
32.186055       1.066370        -96.073801      -1.531624       4.044004        9.196700
32.186055       1.066370        -96.073801      -1.531624       4.044004        9.196700
33.208386       0.580030        -97.652223      -1.509433       4.865230        8.539762
33.208386       0.580030        -97.652223      -1.509433       4.865230        8.539762
34.014714       0.193311        -99.465998      -1.175526       5.342308        8.278619
34.014714       0.193311        -99.465998      -1.175526       5.342308        8.278619
34.665582       -0.106204       -101.415606     -0.866789       5.539433        7.999971
34.665582       -0.106204       -101.415606     -0.866789       5.539433        7.999971
35.201317       -0.307896       -103.460602     -1.346498       6.180718        7.215680
35.201317       -0.307896       -103.460602     -1.346498       6.180718        7.215680
35.588320       -0.356855       -105.411289     -1.036065       6.575342        6.649427
35.588320       -0.356855       -105.411289     -1.036065       6.575342        6.649427
35.825262       -0.287290       -107.300259     -0.846305       6.641763        6.408761
35.825262       -0.287290       -107.300259     -0.846305       6.641763        6.408761
35.949799       -0.139832       -109.086362     -0.575991       6.809143        6.219787
35.949799       -0.139832       -109.086362     -0.575991       6.809143        6.219787
36.006804       0.026402        -110.453177     -0.740700       7.122230        5.936168
36.006804       0.026402        -110.453177     -0.740700       7.122230        5.936168
36.037635       0.398270        -112.433174     -0.914949       7.323911        5.543350
36.037635       0.398270        -112.433174     -0.914949       7.323911        5.543350
36.000919       0.884422        -114.053252     -0.978582       7.611476        5.362208
36.000919       0.884422        -114.053252     -0.978582       7.611476        5.362208
35.889944       1.521312        -115.654546     -1.061452       8.072971        5.460114
35.889944       1.521312        -115.654546     -1.061452       8.072971        5.460114
35.676991       2.275618        -117.234964     -0.780602       8.309311        5.875010
35.676991       2.275618        -117.234964     -0.780602       8.309311        5.875010
35.251851       3.072877        -118.722544     -0.864878       8.609209        5.826961
35.251851       3.072877        -118.722544     -0.864878       8.609209        5.826961
34.495746       3.882931        -120.071856     -0.946351       8.429844        6.090219
34.495746       3.882931        -120.071856     -0.946351       8.429844        6.090219
33.552687       4.547175        -121.130063     -0.971978       8.423493        6.350097
33.552687       4.547175        -121.130063     -0.971978       8.423493        6.350097
32.107588       5.309559        -122.335392     -0.941010       8.482604        6.269629
32.107588       5.309559        -122.335392     -0.941010       8.482604        6.269629
30.372936       6.068525        -123.577742     -1.256645       8.525276        6.458891
30.372936       6.068525        -123.577742     -1.256645       8.525276        6.458891
27.873913       6.969260        -125.298058     -1.722230       8.718799        6.525310
27.873913       6.969260        -125.298058     -1.722230       8.718799        6.525310
25.847794       7.492214        -126.652617     -1.994205       8.548755        7.114983
25.847794       7.492214        -126.652617     -1.994205       8.548755        7.114983
22.803341       7.994166        -128.549965     -2.244820       8.570760        7.496813
22.803341       7.994166        -128.549965     -2.244820       8.570760        7.496813
19.359410       8.353219        -130.440136     -2.489843       7.999763        7.819510
19.359410       8.353219        -130.440136     -2.489843       7.999763        7.819510
15.806563       8.590574        -132.071408     -2.519765       6.860009        7.907891
15.806563       8.590574        -132.071408     -2.519765       6.860009        7.907891
12.401803       8.670383        -133.371619     -1.859506       5.109579        8.129462
12.401803       8.670383        -133.371619     -1.859506       5.109579        8.129462
8.682858        8.485593        -134.521616     -1.636492       3.387832        8.581992
8.682858        8.485593        -134.521616     -1.636492       3.387832        8.581992
6.434892        8.203571        -135.069462     -1.625501       2.495025        8.776015
6.434892        8.203571        -135.069462     -1.625501       2.495025        8.776015
3.806701        7.746229        -135.495269     -1.907935       1.954241        8.541287
3.806701        7.746229        -135.495269     -1.907935       1.954241        8.541287
2.465389        7.451856        -135.548970     -1.374283       0.848228        8.904531
2.465389        7.451856        -135.548970     -1.374283       0.848228        8.904531
1.013856        7.016443        -135.378878     -1.201152       0.412001        9.292096
1.013856        7.016443        -135.378878     -1.201152       0.412001        9.292096
0.307532        6.671461        -135.071748     -0.885825       -0.480647       9.294944
0.307532        6.671461        -135.071748     -0.885825       -0.480647       9.294944
0.039296        6.396378        -134.634244     -1.154792       -0.364069       9.264739
0.039296        6.396378        -134.634244     -1.154792       -0.364069       9.264739
0.080000        6.267677        -134.208195     -1.097240       -0.735466       9.255531
0.080000        6.267677        -134.208195     -1.097240       -0.735466       9.255531
0.449505        6.200226        -133.471236     -0.956814       -0.796823       9.557022
0.449505        6.200226        -133.471236     -0.956814       -0.796823       9.557022
0.865959        6.200998        -132.944825     -1.053094       -0.749376       9.654895
0.865959        6.200998        -132.944825     -1.053094       -0.749376       9.654895
1.658512        6.234441        -132.202317     -0.882745       -0.880647       9.787047
1.658512        6.234441        -132.202317     -0.882745       -0.880647       9.787047
2.177682        6.289751        -131.725887     -1.385044       -0.456438       9.667833
2.177682        6.289751        -131.725887     -1.385044       -0.456438       9.667833
2.715884        6.392269        -131.159097     -1.302500       -0.383923       9.813182
2.715884        6.392269        -131.159097     -1.302500       -0.383923       9.813182
3.131405        6.525754        -130.678886     -1.438105       -0.038198       9.876629
3.131405        6.525754        -130.678886     -1.438105       -0.038198       9.876629
3.375200        6.664590        -130.403474     -1.609381       0.606111        9.796525
3.375200        6.664590        -130.403474     -1.609381       0.606111        9.796525
3.422599        6.822177        -130.333760     -1.995335       1.310980        9.859097
3.422599        6.822177        -130.333760     -1.995335       1.310980        9.859097
3.191423        6.992438        -130.441324     -2.123423       1.792690        9.942591
3.191423        6.992438        -130.441324     -2.123423       1.792690        9.942591
2.651551        7.156434        -130.720802     -2.348067       2.289325        10.143007
2.651551        7.156434        -130.720802     -2.348067       2.289325        10.143007
1.839084        7.234727        -131.210818     -2.679144       2.748215        10.140436
1.839084        7.234727        -131.210818     -2.679144       2.748215        10.140436
0.809553        7.171058        -131.937661     -3.018340       3.384224        10.373491
0.809553        7.171058        -131.937661     -3.018340       3.384224        10.373491
-0.429535       7.021746        -132.798044     -3.369375       3.791566        10.263302
-0.429535       7.021746        -132.798044     -3.369375       3.791566        10.263302
-1.910515       6.859362        -133.651804     -3.350759       3.910838        10.411916
-1.910515       6.859362        -133.651804     -3.350759       3.910838        10.411916
-3.644999       6.632540        -134.431010     -3.261749       3.644632        10.631535
-3.644999       6.632540        -134.431010     -3.261749       3.644632        10.631535
-5.708486       6.184320        -135.131811     -3.577232       3.481731        10.642766
-5.708486       6.184320        -135.131811     -3.577232       3.481731        10.642766
-7.899533       5.598290        -135.681490     -4.082273       3.542731        10.262534
-7.899533       5.598290        -135.681490     -4.082273       3.542731        10.262534
-9.789553       5.120395        -136.043298     -3.429149       3.035380        10.097310
-9.789553       5.120395        -136.043298     -3.429149       3.035380        10.097310
-12.858480      4.487912        -136.434627     -3.320078       2.498486        10.203275
-12.858480      4.487912        -136.434627     -3.320078       2.498486        10.203275
-15.644008      3.852045        -136.497621     -3.026592       1.342688        10.603493
-15.644008      3.852045        -136.497621     -3.026592       1.342688        10.603493
-18.538155      3.030460        -136.226004     -2.895813       0.339027        10.419697
-18.538155      3.030460        -136.226004     -2.895813       0.339027        10.419697
-21.363543      2.136042        -135.646200     -2.970140       -0.375022       9.748324
-21.363543      2.136042        -135.646200     -2.970140       -0.375022       9.748324
-24.002282      1.247720        -134.794179     -2.493770       -1.563995       9.240073
-24.002282      1.247720        -134.794179     -2.493770       -1.563995       9.240073
-26.416858      0.374304        -133.686076     -2.174293       -2.528252       8.854278
-26.416858      0.374304        -133.686076     -2.174293       -2.528252       8.854278
-28.533388      -0.519492       -132.279184     -2.591986       -3.657326       8.137969
-28.533388      -0.519492       -132.279184     -2.591986       -3.657326       8.137969
-29.948646      -1.197021       -130.899768     -2.247169       -4.511912       7.570571
-29.948646      -1.197021       -130.899768     -2.247169       -4.511912       7.570571
-31.124200      -1.758773       -129.108727     -1.142452       -5.294492       7.213301
-31.124200      -1.758773       -129.108727     -1.142452       -5.294492       7.213301
-31.704726      -1.997917       -127.150626     -1.515991       -6.015385       7.003514
-31.704726      -1.997917       -127.150626     -1.515991       -6.015385       7.003514
-31.652076      -2.027179       -124.417470     -1.264885       -6.695661       7.232028
-31.652076      -2.027179       -124.417470     -1.264885       -6.695661       7.232028
-31.276237      -1.994106       -122.299686     -0.354155       -7.377627       7.033638
-31.276237      -1.994106       -122.299686     -0.354155       -7.377627       7.033638
-30.518310      -1.914459       -119.416808     -0.051380       -7.491884       6.813138
-30.518310      -1.914459       -119.416808     -0.051380       -7.491884       6.813138
-29.562144      -1.763431       -116.437013     0.152310        -7.322226       6.681032
-29.562144      -1.763431       -116.437013     0.152310        -7.322226       6.681032
-28.520876      -1.471156       -113.505477     0.445771        -7.522676       6.683645
-28.520876      -1.471156       -113.505477     0.445771        -7.522676       6.683645
-27.430270      -1.000821       -110.781861     0.420889        -7.635501       6.509887
-27.430270      -1.000821       -110.781861     0.420889        -7.635501       6.509887
-26.282465      -0.352845       -108.369310     0.174076        -7.381407       6.496580
-26.282465      -0.352845       -108.369310     0.174076        -7.381407       6.496580
-25.065818      0.383754        -106.153287     -0.096897       -7.311337       6.591788
-25.065818      0.383754        -106.153287     -0.096897       -7.311337       6.591788
-23.898936      1.002435        -104.216677     -0.027100       -7.681746       7.254510
-23.898936      1.002435        -104.216677     -0.027100       -7.681746       7.254510
-22.660347      1.534257        -102.470109     -0.083982       -7.403299       7.564650
-22.660347      1.534257        -102.470109     -0.083982       -7.403299       7.564650
-21.156681      1.998189        -100.927669     -0.337410       -7.058075       7.695545
-21.156681      1.998189        -100.927669     -0.337410       -7.058075       7.695545
-19.355826      2.329444        -99.467947      -0.352668       -6.730793       7.869119
-19.355826      2.329444        -99.467947      -0.352668       -6.730793       7.869119
-17.280459      2.477280        -97.899072      -0.316670       -6.708539       8.671072
-17.280459      2.477280        -97.899072      -0.316670       -6.708539       8.671072
-14.933528      2.324067        -96.073548      0.144738        -7.135972       9.578120
-14.933528      2.324067        -96.073548      0.144738        -7.135972       9.578120
-12.274596      1.820898        -93.982723      0.107917        -6.852694       9.418351
-12.274596      1.820898        -93.982723      0.107917        -6.852694       9.418351
-9.345667       1.075059        -91.757517      -0.008969       -6.810082       9.302964
-9.345667       1.075059        -91.757517      -0.008969       -6.810082       9.302964
-6.329756       0.263164        -89.590863      0.122293        -6.422827       9.201241
-6.329756       0.263164        -89.590863      0.122293        -6.422827       9.201241
-3.368958       -0.446666       -87.733054      0.324457        -6.140736       9.304305
-3.368958       -0.446666       -87.733054      0.324457        -6.140736       9.304305
-0.512343       -0.973709       -86.314259      0.605293        -5.543552       9.305709
-0.512343       -0.973709       -86.314259      0.605293        -5.543552       9.305709
2.797265        -1.395192       -85.198842      0.798200        -4.684540       9.438819
2.797265        -1.395192       -85.198842      0.798200        -4.684540       9.438819
4.697206        -1.538517       -84.829388      0.691928        -4.136601       9.660522
4.697206        -1.538517       -84.829388      0.691928        -4.136601       9.660522
7.062210        -1.693897       -84.680508      0.617760        -3.318776       9.767152
7.062210        -1.693897       -84.680508      0.617760        -3.318776       9.767152
8.678398        -1.835794       -84.967857      1.142218        -2.671560       10.091361
8.678398        -1.835794       -84.967857      1.142218        -2.671560       10.091361
10.086500       -2.035821       -85.526884      0.531027        -1.538741       9.895823
10.086500       -2.035821       -85.526884      0.531027        -1.538741       9.895823
11.331548       -2.258255       -86.249294      0.426474        -0.621869       9.729593
11.331548       -2.258255       -86.249294      0.426474        -0.621869       9.729593
12.232976       -2.423134       -86.915135      0.583992        0.105971        9.611709
12.232976       -2.423134       -86.915135      0.583992        0.105971        9.611709
13.267071       -2.641374       -87.812654      0.661595        0.657120        9.549359
13.267071       -2.641374       -87.812654      0.661595        0.657120        9.549359
14.452136       -2.975508       -88.966430      0.640616        1.337820        9.218676
14.452136       -2.975508       -88.966430      0.640616        1.337820        9.218676
15.435041       -3.314927       -89.981336      0.646035        1.924442        8.978011
15.435041       -3.314927       -89.981336      0.646035        1.924442        8.978011
16.249331       -3.575815       -90.838552      0.787437        2.482067        8.773169
16.249331       -3.575815       -90.838552      0.787437        2.482067        8.773169
17.152130       -3.760204       -91.830406      0.851421        2.875738        8.606105
17.152130       -3.760204       -91.830406      0.851421        2.875738        8.606105
17.884102       -3.765277       -92.727361      0.652450        3.423952        8.429849
17.884102       -3.765277       -92.727361      0.652450        3.423952        8.429849
18.388371       -3.624562       -93.509365      0.504593        3.745255        8.488221
18.388371       -3.624562       -93.509365      0.504593        3.745255        8.488221
18.687361       -3.404773       -94.230843      0.678942        3.901165        8.612793
18.687361       -3.404773       -94.230843      0.678942        3.901165        8.612793
18.792266       -3.126546       -94.893138      0.599453        4.093577        8.643112
18.792266       -3.126546       -94.893138      0.599453        4.093577        8.643112
18.703191       -2.774898       -95.498838      0.465302        4.359975        8.609210
18.703191       -2.774898       -95.498838      0.465302        4.359975        8.609210
18.452389       -2.377103       -96.065919      0.343851        4.556300        8.639965
18.452389       -2.377103       -96.065919      0.343851        4.556300        8.639965
18.105879       -1.974153       -96.605276      0.164777        4.583180        8.821559
18.105879       -1.974153       -96.605276      0.164777        4.583180        8.821559
17.705542       -1.590480       -97.161001      -0.122536       4.460777        8.941439
17.705542       -1.590480       -97.161001      -0.122536       4.460777        8.941439
17.316305       -1.247139       -97.697919      -0.448964       4.697243        8.941522
17.316305       -1.247139       -97.697919      -0.448964       4.697243        8.941522
16.927836       -0.920041       -98.239727      -0.572929       4.662210        8.994747
16.927836       -0.920041       -98.239727      -0.572929       4.662210        8.994747
16.542961       -0.644925       -98.783809      -0.475105       4.608573        9.187522
16.542961       -0.644925       -98.783809      -0.475105       4.608573        9.187522
16.153064       -0.453085       -99.327482      -0.554324       4.422291        9.280553
16.153064       -0.453085       -99.327482      -0.554324       4.422291        9.280553
15.720749       -0.297794       -99.866970      -0.714339       4.279984        9.232925
15.720749       -0.297794       -99.866970      -0.714339       4.279984        9.232925
15.222111       -0.087032       -100.382269     -0.750122       4.201148        9.182306
15.222111       -0.087032       -100.382269     -0.750122       4.201148        9.182306
14.646052       0.177808        -100.844777     -0.575605       3.952682        9.365292
14.646052       0.177808        -100.844777     -0.575605       3.952682        9.365292
14.009507       0.427714        -101.258901     -0.538891       3.676047        9.525276
14.009507       0.427714        -101.258901     -0.538891       3.676047        9.525276
13.322621       0.642743        -101.648204     -0.684705       3.590103        9.560097
13.322621       0.642743        -101.648204     -0.684705       3.590103        9.560097
12.559776       0.860190        -102.019640     -0.870197       3.373687        9.574972
12.559776       0.860190        -102.019640     -0.870197       3.373687        9.574972
11.725460       1.101224        -102.352314     -0.617864       2.948185        9.727438
11.725460       1.101224        -102.352314     -0.617864       2.948185        9.727438
10.868584       1.359915        -102.627985     -0.467375       2.735321        9.798790
10.868584       1.359915        -102.627985     -0.467375       2.735321        9.798790
10.046743       1.598151        -102.856996     -0.531033       2.437269        9.787561
10.046743       1.598151        -102.856996     -0.531033       2.437269        9.787561
9.506778        1.733189        -102.977255     -0.807759       2.163235        9.682514
9.506778        1.733189        -102.977255     -0.807759       2.163235        9.682514
8.964082        1.855755        -103.053081     -0.720787       1.909115        9.660875
8.964082        1.855755        -103.053081     -0.720787       1.909115        9.660875
8.577665        1.948822        -103.049193     -0.537585       1.631907        9.663957
8.577665        1.948822        -103.049193     -0.537585       1.631907        9.663957
8.334103        1.998446        -102.971992     -0.617743       1.609555        9.627810
8.334103        1.998446        -102.971992     -0.617743       1.609555        9.627810
8.206188        2.014159        -102.826494     -0.663803       1.444898        9.527658
8.206188        2.014159        -102.826494     -0.663803       1.444898        9.527658
8.198142        2.041900        -102.710973     -0.560882       1.421127        9.483203
8.198142        2.041900        -102.710973     -0.560882       1.421127        9.483203
8.240287        2.134071        -102.557867     -0.581744       1.408834        9.409759
8.240287        2.134071        -102.557867     -0.581744       1.408834        9.409759
8.296825        2.274340        -102.411943     -0.531632       1.496155        9.512260
8.296825        2.274340        -102.411943     -0.531632       1.496155        9.512260
8.344604        2.464358        -102.233369     -0.494583       1.478449        9.673483
8.344604        2.464358        -102.233369     -0.494583       1.478449        9.673483
8.362928        2.577518        -102.128804     -0.396079       1.371308        9.752911
8.362928        2.577518        -102.128804     -0.396079       1.371308        9.752911
8.361927        2.745644        -101.997395     -0.575359       1.478889        9.719478
8.361927        2.745644        -101.997395     -0.575359       1.478889        9.719478
8.340428        2.859246        -101.937799     -0.685822       1.489876        9.712027
8.340428        2.859246        -101.937799     -0.685822       1.489876        9.712027
8.278556        3.008285        -101.902990     -0.787762       1.508362        9.765440
8.278556        3.008285        -101.902990     -0.787762       1.508362        9.765440
8.149292        3.211919        -101.906543     -0.748902       1.400251        9.782489
8.149292        3.211919        -101.906543     -0.748902       1.400251        9.782489
8.041841        3.347724        -101.930332     -0.716281       1.286875        9.834101
8.041841        3.347724        -101.930332     -0.716281       1.286875        9.834101
7.888460        3.494288        -101.980125     -0.755626       1.344246        9.816702
7.888460        3.494288        -101.980125     -0.755626       1.344246        9.816702
7.699205        3.619919        -102.035152     -0.931573       1.453333        9.885117
7.699205        3.619919        -102.035152     -0.931573       1.453333        9.885117
7.373379        3.728984        -102.087296     -0.717951       1.275244        10.010104
7.373379        3.728984        -102.087296     -0.717951       1.275244        10.010104
7.041031        3.791818        -102.118046     -0.702840       1.229104        9.982882
7.041031        3.791818        -102.118046     -0.702840       1.229104        9.982882
6.742765        3.835558        -102.155259     -0.758840       1.250124        9.887794
6.742765        3.835558        -102.155259     -0.758840       1.250124        9.887794
6.261432        3.911884        -102.261170     -0.859286       1.156031        9.763287
6.261432        3.911884        -102.261170     -0.859286       1.156031        9.763287
5.848882        3.995996        -102.389106     -0.889930       1.096838        9.766963
5.848882        3.995996        -102.389106     -0.889930       1.096838        9.766963
5.507482        4.057818        -102.502328     -0.838908       0.994898        9.803354
5.507482        4.057818        -102.502328     -0.838908       0.994898        9.803354
5.059085        4.131241        -102.638730     -0.854679       0.865189        9.725306
5.059085        4.131241        -102.638730     -0.854679       0.865189        9.725306
4.623067        4.206009        -102.780075     -0.665013       0.684108        9.836397
4.623067        4.206009        -102.780075     -0.665013       0.684108        9.836397
4.148390        4.315187        -102.952607     -0.891557       0.748333        9.667594
4.148390        4.315187        -102.952607     -0.891557       0.748333        9.667594
3.820088        4.417253        -103.086893     -0.945581       0.667972        9.589742
3.820088        4.417253        -103.086893     -0.945581       0.667972        9.589742
3.572439        4.500904        -103.206246     -0.871429       0.578891        9.700050
3.572439        4.500904        -103.206246     -0.871429       0.578891        9.700050
3.431758        4.547237        -103.272600     -0.883217       0.463307        9.589113
3.431758        4.547237        -103.272600     -0.883217       0.463307        9.589113
3.314868        4.579659        -103.301189     -0.846145       0.404888        9.601692
3.314868        4.579659        -103.301189     -0.846145       0.404888        9.601692
3.292741        4.581849        -103.277361     -0.806957       0.385170        9.711329
3.292741        4.581849        -103.277361     -0.806957       0.385170        9.711329
3.321903        4.588045        -103.198155     -0.871168       0.440288        9.604126
3.321903        4.588045        -103.198155     -0.871168       0.440288        9.604126
3.410325        4.613334        -103.090646     -0.738006       0.447951        9.620151
3.410325        4.613334        -103.090646     -0.738006       0.447951        9.620151
3.537976        4.667190        -102.979171     -0.851157       0.477085        9.690490
3.537976        4.667190        -102.979171     -0.851157       0.477085        9.690490
3.686800        4.744979        -102.872594     -0.890607       0.508736        9.579490
3.686800        4.744979        -102.872594     -0.890607       0.508736        9.579490
3.843688        4.830545        -102.776961     -0.977926       0.536959        9.554028
3.843688        4.830545        -102.776961     -0.977926       0.536959        9.554028
3.991480        4.931519        -102.710022     -0.985943       0.565648        9.662394
3.991480        4.931519        -102.710022     -0.985943       0.565648        9.662394
4.104815        5.043784        -102.672116     -1.015114       0.623025        9.647488
4.104815        5.043784        -102.672116     -1.015114       0.623025        9.647488
4.174962        5.147930        -102.660123     -0.859924       0.624761        9.664940
4.174962        5.147930        -102.660123     -0.859924       0.624761        9.664940
4.196166        5.250139        -102.671456     -0.878261       0.721158        9.684179
4.196166        5.250139        -102.671456     -0.878261       0.721158        9.684179
4.174422        5.324410        -102.693216     -0.839737       0.687854        9.777404
4.174422        5.324410        -102.693216     -0.839737       0.687854        9.777404
4.074470        5.429657        -102.744734     -0.961491       0.723826        9.720903
4.074470        5.429657        -102.744734     -0.961491       0.723826        9.720903
3.955228        5.515851        -102.805516     -0.974465       0.709777        9.837663
3.955228        5.515851        -102.805516     -0.974465       0.709777        9.837663
3.794201        5.576365        -102.868995     -1.052536       0.740270        9.767858
3.794201        5.576365        -102.868995     -1.052536       0.740270        9.767858
3.604326        5.624906        -102.927296     -1.005118       0.679306        9.672298
3.604326        5.624906        -102.927296     -1.005118       0.679306        9.672298
3.416251        5.688275        -103.008042     -0.854615       0.619983        9.757340
3.416251        5.688275        -103.008042     -0.854615       0.619983        9.757340
3.274731        5.742261        -103.087523     -0.786377       0.520203        9.830667
3.274731        5.742261        -103.087523     -0.786377       0.520203        9.830667
3.055399        5.804086        -103.177719     -0.850968       0.516559        9.820573
3.055399        5.804086        -103.177719     -0.850968       0.516559        9.820573
2.894277        5.812326        -103.197554     -0.861986       0.336236        9.760475
2.894277        5.812326        -103.197554     -0.861986       0.336236        9.760475
2.635602        5.809988        -103.155763     -0.790965       0.179288        9.635832
2.635602        5.809988        -103.155763     -0.790965       0.179288        9.635832
2.455524        5.829171        -103.104402     -0.846376       0.219851        9.433379
2.455524        5.829171        -103.104402     -0.846376       0.219851        9.433379
2.190817        5.900247        -103.035158     -0.883799       0.206977        9.401118
2.190817        5.900247        -103.035158     -0.883799       0.206977        9.401118
1.993405        5.980491        -102.984761     -0.963385       0.120624        9.326908
1.993405        5.980491        -102.984761     -0.963385       0.120624        9.326908
1.730687        6.119139        -102.934513     -0.945898       0.102672        9.336944
1.730687        6.119139        -102.934513     -0.945898       0.102672        9.336944
1.444023        6.364967        -102.926638     -0.968541       0.184623        9.296803
1.444023        6.364967        -102.926638     -0.968541       0.184623        9.296803
1.257351        6.643798        -102.976807     -1.144795       0.345137        9.303577
1.257351        6.643798        -102.976807     -1.144795       0.345137        9.303577
1.122172        6.977377        -103.059560     -1.451154       0.499640        9.285882
1.122172        6.977377        -103.059560     -1.451154       0.499640        9.285882
1.043640        7.246131        -103.131085     -1.484006       0.476673        9.380808
1.043640        7.246131        -103.131085     -1.484006       0.476673        9.380808
0.968145        7.572459        -103.218195     -1.569577       0.503450        9.463681
0.968145        7.572459        -103.218195     -1.569577       0.503450        9.463681
0.929486        7.751284        -103.246221     -1.508547       0.451784        9.486459
0.929486        7.751284        -103.246221     -1.508547       0.451784        9.486459
0.902816        7.871172        -103.229990     -1.459324       0.459090        9.510400
0.902816        7.871172        -103.229990     -1.459324       0.459090        9.510400
0.856064        8.041144        -103.172103     -1.439167       0.448289        9.571900
0.856064        8.041144        -103.172103     -1.439167       0.448289        9.571900
0.760142        8.237687        -103.075374     -1.284530       0.403315        9.626053
0.760142        8.237687        -103.075374     -1.284530       0.403315        9.626053
0.617637        8.407303        -102.978133     -1.277276       0.327177        9.688787
0.617637        8.407303        -102.978133     -1.277276       0.327177        9.688787
0.409585        8.616700        -102.878928     -1.296362       0.259793        9.772970
0.409585        8.616700        -102.878928     -1.296362       0.259793        9.772970
0.202787        8.814358        -102.806134     -1.366926       0.157595        9.734289
0.202787        8.814358        -102.806134     -1.366926       0.157595        9.734289
-0.147626       9.132818        -102.725738     -1.465982       0.082998        9.709819
-0.147626       9.132818        -102.725738     -1.465982       0.082998        9.709819
-0.453475       9.399074        -102.690692     -1.691776       0.101048        9.660884
-0.453475       9.399074        -102.690692     -1.691776       0.101048        9.660884
-0.741043       9.656834        -102.687329     -1.741268       0.011478        9.673893
-0.741043       9.656834        -102.687329     -1.741268       0.011478        9.673893
-0.983975       9.890034        -102.707115     -1.821076       -0.063761       9.689832
-0.983975       9.890034        -102.707115     -1.821076       -0.063761       9.689832
-1.135592       10.049386       -102.732880     -1.784679       -0.144307       9.744262
-1.135592       10.049386       -102.732880     -1.784679       -0.144307       9.744262
-1.275226       10.206265       -102.761488     -1.758296       -0.223026       9.830228
-1.275226       10.206265       -102.761488     -1.758296       -0.223026       9.830228
-1.367508       10.323236       -102.764630     -1.779866       -0.317046       9.899366
-1.367508       10.323236       -102.764630     -1.779866       -0.317046       9.899366
-1.405083       10.431949       -102.720916     -1.836580       -0.325967       9.912712
-1.405083       10.431949       -102.720916     -1.836580       -0.325967       9.912712
-1.395404       10.505661       -102.659973     -1.854613       -0.382705       9.843893
-1.395404       10.505661       -102.659973     -1.854613       -0.382705       9.843893
-1.359096       10.600732       -102.547714     -1.836142       -0.364207       9.888384
-1.359096       10.600732       -102.547714     -1.836142       -0.364207       9.888384
-1.302108       10.693577       -102.361799     -1.850212       -0.481798       9.938588
-1.302108       10.693577       -102.361799     -1.850212       -0.481798       9.938588
-1.259081       10.761133       -102.180288     -1.967667       -0.459356       9.840798
-1.259081       10.761133       -102.180288     -1.967667       -0.459356       9.840798
-1.233876       10.827769       -102.035190     -2.020969       -0.445454       9.801116
-1.233876       10.827769       -102.035190     -2.020969       -0.445454       9.801116
-1.225126       10.927522       -101.861003     -1.998688       -0.475074       9.744914
-1.225126       10.927522       -101.861003     -1.998688       -0.475074       9.744914
-1.256394       11.058468       -101.664912     -2.021184       -0.505359       9.744961
-1.256394       11.058468       -101.664912     -2.021184       -0.505359       9.744961
-1.292636       11.153811       -101.552479     -2.165697       -0.501508       9.765123
-1.292636       11.153811       -101.552479     -2.165697       -0.501508       9.765123
-1.339982       11.287549       -101.444305     -2.241675       -0.486879       9.757951
-1.339982       11.287549       -101.444305     -2.241675       -0.486879       9.757951
-1.380381       11.435530       -101.385720     -2.355506       -0.428146       9.704366
-1.380381       11.435530       -101.385720     -2.355506       -0.428146       9.704366
-1.406157       11.588838       -101.372909     -2.368082       -0.433450       9.756338
-1.406157       11.588838       -101.372909     -2.368082       -0.433450       9.756338
-1.407097       11.715644       -101.384866     -2.408518       -0.423793       9.833145
-1.407097       11.715644       -101.384866     -2.408518       -0.423793       9.833145
-1.386861       11.795400       -101.399398     -2.530588       -0.383175       9.945145
