19.857258       4.590401        -123.512628     -2.645846       7.170529        8.752872
19.857258       4.590401        -123.512628     -2.645846       7.170529        8.752872
17.932763       4.492220        -125.208436     -2.612551       7.173538        9.031328
17.932763       4.492220        -125.208436     -2.612551       7.173538        9.031328
16.140511       4.353958        -126.667391     -2.839882       7.232403        9.233880
16.140511       4.353958        -126.667391     -2.839882       7.232403        9.233880
14.061017       4.013951        -128.147629     -2.737916       7.032300        9.518377
14.061017       4.013951        -128.147629     -2.737916       7.032300        9.518377
12.372529       3.515574        -129.184172     -2.588910       6.741089        9.823997
12.372529       3.515574        -129.184172     -2.588910       6.741089        9.823997
10.681593       2.860582        -130.013428     -2.519330       6.351961        9.727853
10.681593       2.860582        -130.013428     -2.519330       6.351961        9.727853
8.882573        2.145607        -130.644703     -2.777456       6.348026        9.574181
8.882573        2.145607        -130.644703     -2.777456       6.348026        9.574181
7.457957        1.632531        -130.993434     -2.326425       5.833511        9.463281
7.457957        1.632531        -130.993434     -2.326425       5.833511        9.463281
5.614457        1.044657        -131.273815     -2.326425       5.833511        9.463281
5.614457        1.044657        -131.273815     -2.326425       5.833511        9.463281
5.614457        1.044657        -131.273815     -2.326425       5.833511        9.463281
2.865481        0.306629        -131.404116     -1.971406       5.101119        9.585225
2.865481        0.306629        -131.404116     -1.971406       5.101119        9.585225
0.745199        -0.147340       -131.282254     -1.705691       3.964598        9.480439
0.745199        -0.147340       -131.282254     -1.705691       3.964598        9.480439
-1.903543       -0.636824       -130.915906     -1.443848       3.041616        9.559961
-1.903543       -0.636824       -130.915906     -1.443848       3.041616        9.559961
-4.089117       -0.964751       -130.451466     -1.544504       2.399159        9.320323
-4.089117       -0.964751       -130.451466     -1.544504       2.399159        9.320323
-6.164791       -1.175613       -129.833360     -1.691710       1.920514        9.094200
-6.164791       -1.175613       -129.833360     -1.691710       1.920514        9.094200
-8.049785       -1.287395       -129.057536     -1.287662       0.943000        9.270197
-8.049785       -1.287395       -129.057536     -1.287662       0.943000        9.270197
-9.341425       -1.330018       -128.309176     -0.851071       -0.056562       9.310583
-9.341425       -1.330018       -128.309176     -0.851071       -0.056562       9.310583
-10.733862      -1.311439       -126.985532     -0.330503       -0.972472       9.443851
-10.733862      -1.311439       -126.985532     -0.330503       -0.972472       9.443851
-11.266372      -1.143548       -125.688127     -0.515909       -1.385088       9.290555
-11.266372      -1.143548       -125.688127     -0.515909       -1.385088       9.290555
-11.242313      -0.814562       -124.260834     -1.204005       -1.417059       8.994406
-11.242313      -0.814562       -124.260834     -1.204005       -1.417059       8.994406
-10.875204      -0.448202       -122.543844     -0.545813       -1.862361       9.660858
-10.875204      -0.448202       -122.543844     -0.545813       -1.862361       9.660858
-10.355403      -0.061523       -120.536650     -0.562074       -1.910179       9.945816
-10.355403      -0.061523       -120.536650     -0.562074       -1.910179       9.945816
-9.827608       0.368846        -118.358050     -0.401967       -1.906243       9.908808
-9.827608       0.368846        -118.358050     -0.401967       -1.906243       9.908808
-9.465550       0.810954        -116.165070     -0.533529       -1.503122       9.748893
-9.465550       0.810954        -116.165070     -0.533529       -1.503122       9.748893
-9.499504       1.280876        -114.094743     -0.629064       -1.538023       9.893262
-9.499504       1.280876        -114.094743     -0.629064       -1.538023       9.893262
-10.151392      1.831157        -112.248883     -0.488499       -1.814514       9.694703
-10.151392      1.831157        -112.248883     -0.488499       -1.814514       9.694703
-11.427533      2.428203        -110.693701     -0.725771       -2.380738       9.654395
-11.427533      2.428203        -110.693701     -0.725771       -2.380738       9.654395
-13.091392      2.969111        -109.483110     -0.777873       -2.918225       9.279406
-13.091392      2.969111        -109.483110     -0.777873       -2.918225       9.279406
-14.923250      3.413025        -108.566671     -1.427074       -3.595232       8.675120
-14.923250      3.413025        -108.566671     -1.427074       -3.595232       8.675120
-16.568454      3.732956        -107.911142     -1.794802       -4.100473       8.328746
-16.568454      3.732956        -107.911142     -1.794802       -4.100473       8.328746
-17.690437      3.899576        -107.423044     -1.715251       -4.977281       8.195913
-17.690437      3.899576        -107.423044     -1.715251       -4.977281       8.195913
-18.906282      3.927723        -106.491228     -1.561566       -5.907792       8.046265
-18.906282      3.927723        -106.491228     -1.561566       -5.907792       8.046265
-19.333884      3.749643        -105.420745     -1.527905       -6.638794       7.842478
-19.333884      3.749643        -105.420745     -1.527905       -6.638794       7.842478
-19.137930      3.474834        -104.084810     -1.434867       -6.882231       7.748918
-19.137930      3.474834        -104.084810     -1.434867       -6.882231       7.748918
-18.541154      3.230366        -102.864988     -1.118456       -7.305902       7.686220
-18.541154      3.230366        -102.864988     -1.118456       -7.305902       7.686220
-17.055699      2.852767        -100.875553     -0.690831       -7.505079       7.702290
-17.055699      2.852767        -100.875553     -0.690831       -7.505079       7.702290
-15.763902      2.597238        -99.536820      -0.392201       -7.585605       7.852530
-15.763902      2.597238        -99.536820      -0.392201       -7.585605       7.852530
-13.821237      2.259401        -97.893829      -0.235571       -7.550949       8.008121
-13.821237      2.259401        -97.893829      -0.235571       -7.550949       8.008121
-11.732177      1.935524        -96.487726      0.035012        -7.403278       8.236146
-11.732177      1.935524        -96.487726      0.035012        -7.403278       8.236146
-9.455768       1.613269        -95.276642      -0.058064       -7.045288       8.567182
-9.455768       1.613269        -95.276642      -0.058064       -7.045288       8.567182
-7.035558       1.289256        -94.294151      -0.069743       -6.587881       8.929930
-7.035558       1.289256        -94.294151      -0.069743       -6.587881       8.929930
-4.511356       0.963730        -93.568165      -0.139633       -6.265889       9.189892
-4.511356       0.963730        -93.568165      -0.139633       -6.265889       9.189892
-1.898115       0.631038        -93.088377      -0.156647       -5.705925       9.428669
-1.898115       0.631038        -93.088377      -0.156647       -5.705925       9.428669
0.794319        0.320595        -92.807995      0.082212        -5.232121       9.699376
0.794319        0.320595        -92.807995      0.082212        -5.232121       9.699376
3.578283        0.057420        -92.655674      -0.182975       -4.373964       9.851757
3.578283        0.057420        -92.655674      -0.182975       -4.373964       9.851757
6.486075        -0.221774       -92.599800      -0.226978       -3.544675       10.173086
6.486075        -0.221774       -92.599800      -0.226978       -3.544675       10.173086
9.659785        -0.603118       -92.670371      0.004076        -2.784137       10.232464
9.659785        -0.603118       -92.670371      0.004076        -2.784137       10.232464
12.817439       -0.977496       -92.821982      -0.059759       -1.868991       10.030274
12.817439       -0.977496       -92.821982      -0.059759       -1.868991       10.030274
16.683256       -1.440118       -93.102613      -0.076159       -1.101774       10.095393
16.683256       -1.440118       -93.102613      -0.076159       -1.101774       10.095393
19.307333       -1.836930       -93.420401      -0.016233       -0.199282       10.102818
19.307333       -1.836930       -93.420401      -0.016233       -0.199282       10.102818
22.616488       -2.477691       -94.059623      -0.200764       0.478969        9.962206
22.616488       -2.477691       -94.059623      -0.200764       0.478969        9.962206
25.877196       -3.227840       -95.014683      -0.574401       1.427878        9.465502
25.877196       -3.227840       -95.014683      -0.574401       1.427878        9.465502
29.034657       -3.869690       -96.277868      -0.363328       2.171802        9.270876
29.034657       -3.869690       -96.277868      -0.363328       2.171802        9.270876
32.033911       -4.241512       -97.733491      -0.677554       3.217205        8.719417
32.033911       -4.241512       -97.733491      -0.677554       3.217205        8.719417
34.822089       -4.380146       -99.338456      -0.723729       3.807297        8.350397
34.822089       -4.380146       -99.338456      -0.723729       3.807297        8.350397
37.330722       -4.364877       -101.112872     -0.465937       4.474304        7.985370
37.330722       -4.364877       -101.112872     -0.465937       4.474304        7.985370
39.050703       -4.230880       -102.634369     -0.412207       5.317807        7.599611
39.050703       -4.230880       -102.634369     -0.412207       5.317807        7.599611
41.075004       -3.813228       -105.133260     -0.279388       5.973457        7.372739
41.075004       -3.813228       -105.133260     -0.279388       5.973457        7.372739
42.103403       -3.395354       -107.232357     -0.552726       6.789520        7.055925
42.103403       -3.395354       -107.232357     -0.552726       6.789520        7.055925
42.627383       -2.991075       -109.428685     -0.152598       7.163937        6.871899
42.627383       -2.991075       -109.428685     -0.152598       7.163937        6.871899
42.667578       -2.676544       -111.215808     -0.209012       7.448162        6.585003
42.667578       -2.676544       -111.215808     -0.209012       7.448162        6.585003
42.324650       -2.204166       -113.476826     -0.308438       7.679842        6.417855
42.324650       -2.204166       -113.476826     -0.308438       7.679842        6.417855
41.488967       -1.501111       -116.161392     -0.331486       8.176259        5.521584
41.488967       -1.501111       -116.161392     -0.331486       8.176259        5.521584
40.543947       -0.763366       -118.404760     -0.892325       8.835718        5.233698
40.543947       -0.763366       -118.404760     -0.892325       8.835718        5.233698
39.376596       0.107497        -120.632031     -1.152324       9.006260        5.250129
39.376596       0.107497        -120.632031     -1.152324       9.006260        5.250129
37.931727       1.063603        -122.766677     -1.069805       8.986545        5.540299
37.931727       1.063603        -122.766677     -1.069805       8.986545        5.540299
36.583104       1.830463        -124.403010     -1.338186       9.056081        5.898935
36.583104       1.830463        -124.403010     -1.338186       9.056081        5.898935
34.189872       2.920966        -126.902316     -1.424426       8.872106        6.356155
34.189872       2.920966        -126.902316     -1.424426       8.872106        6.356155
32.100014       3.679237        -128.930616     -1.716723       8.926116        6.426709
32.100014       3.679237        -128.930616     -1.716723       8.926116        6.426709
29.929750       4.359607        -130.942616     -1.999145       8.938548        6.713877
29.929750       4.359607        -130.942616     -1.999145       8.938548        6.713877
27.708868       4.988502        -132.898734     -2.093261       8.658169        7.053951
27.708868       4.988502        -132.898734     -2.093261       8.658169        7.053951
25.479562       5.576485        -134.777094     -2.926605       8.786665        6.999605
25.479562       5.576485        -134.777094     -2.926605       8.786665        6.999605
23.260818       6.110232        -136.565180     -3.269372       8.551275        7.220658
23.260818       6.110232        -136.565180     -3.269372       8.551275        7.220658
21.038888       6.532020        -138.256858     -3.276902       8.215874        7.608322
21.038888       6.532020        -138.256858     -3.276902       8.215874        7.608322
18.730591       6.800139        -139.797574     -3.426847       7.998244        8.013401
18.730591       6.800139        -139.797574     -3.426847       7.998244        8.013401
16.242639       6.924019        -141.129081     -3.461930       7.766858        8.185650
16.242639       6.924019        -141.129081     -3.461930       7.766858        8.185650
13.537258       6.948969        -142.232483     -3.284617       7.453666        8.435629
13.537258       6.948969        -142.232483     -3.284617       7.453666        8.435629
10.541408       6.907793        -143.154246     -3.006615       7.095200        8.575618
10.541408       6.907793        -143.154246     -3.006615       7.095200        8.575618
7.544178        6.849218        -143.824162     -2.915948       6.691341        8.716788
7.544178        6.849218        -143.824162     -2.915948       6.691341        8.716788
5.114136        6.805552        -144.181781     -2.923257       5.998892        8.878651
5.114136        6.805552        -144.181781     -2.923257       5.998892        8.878651
2.077539        6.721353        -144.386681     -2.801852       5.215902        9.233110
2.077539        6.721353        -144.386681     -2.801852       5.215902        9.233110
-1.389131       6.457271        -144.227097     -2.411505       4.021322        9.567881
-1.389131       6.457271        -144.227097     -2.411505       4.021322        9.567881
-4.043442       6.077633        -143.716985     -2.899350       3.017683        9.451548
-4.043442       6.077633        -143.716985     -2.899350       3.017683        9.451548
-6.405113       5.587474        -142.865752     -3.252458       2.111057        9.373712
-6.405113       5.587474        -142.865752     -3.252458       2.111057        9.373712
-8.425879       5.039021        -141.722066     -3.162755       0.928432        9.291655
-8.425879       5.039021        -141.722066     -3.162755       0.928432        9.291655
-10.108223      4.478568        -140.387822     -2.337950       -0.500737       9.318983
-10.108223      4.478568        -140.387822     -2.337950       -0.500737       9.318983
-11.506978      3.974005        -138.931194     -2.392962       -1.082012       8.846823
-11.506978      3.974005        -138.931194     -2.392962       -1.082012       8.846823
-12.543694      3.633793        -137.600147     -2.751867       -2.062439       8.540830
-12.543694      3.633793        -137.600147     -2.751867       -2.062439       8.540830
-13.531267      3.389527        -135.922519     -1.104913       -2.976272       8.514402
-13.531267      3.389527        -135.922519     -1.104913       -2.976272       8.514402
-14.164786      3.384490        -134.241865     -0.685402       -3.736030       8.537921
-14.164786      3.384490        -134.241865     -0.685402       -3.736030       8.537921
-14.303420      3.605849        -132.668601     -1.111842       -4.072505       8.200212
-14.303420      3.605849        -132.668601     -1.111842       -4.072505       8.200212
-13.883242      4.049619        -131.138453     -2.151292       -3.722327       7.957134
-13.883242      4.049619        -131.138453     -2.151292       -3.722327       7.957134
-12.795925      4.598350        -129.550781     -1.445955       -4.162954       8.647221
-12.795925      4.598350        -129.550781     -1.445955       -4.162954       8.647221
-11.151935      5.047568        -127.734310     -1.549685       -4.477840       8.833963
-11.151935      5.047568        -127.734310     -1.549685       -4.477840       8.833963
-9.009193       5.188420        -125.586995     -1.322761       -4.863091       9.417745
-9.009193       5.188420        -125.586995     -1.322761       -4.863091       9.417745
-6.348434       5.001975        -123.125368     -1.402739       -4.696214       9.494423
-6.348434       5.001975        -123.125368     -1.402739       -4.696214       9.494423
-3.501625       4.736564        -120.767529     -1.587099       -4.014111       9.587284
-3.501625       4.736564        -120.767529     -1.587099       -4.014111       9.587284
-0.518472       4.548285        -118.538549     -1.460043       -3.135111       9.801193
-0.518472       4.548285        -118.538549     -1.460043       -3.135111       9.801193
2.462540        4.409503        -116.492770     -0.986248       -2.698456       9.961216
2.462540        4.409503        -116.492770     -0.986248       -2.698456       9.961216
5.259809        4.228239        -114.678646     -0.983233       -2.130995       10.189409
5.259809        4.228239        -114.678646     -0.983233       -2.130995       10.189409
7.692700        3.971994        -113.140187     -0.662359       -1.416818       10.538339
7.692700        3.971994        -113.140187     -0.662359       -1.416818       10.538339
9.551884        3.674078        -111.849900     -0.569422       -0.992233       10.422409
9.551884        3.674078        -111.849900     -0.569422       -0.992233       10.422409
10.798685       3.448037        -110.788505     0.135772        -1.043621       10.673002
10.798685       3.448037        -110.788505     0.135772        -1.043621       10.673002
11.576140       3.394776        -109.849270     -0.007474       -0.350738       10.458021
11.576140       3.394776        -109.849270     -0.007474       -0.350738       10.458021
11.725835       3.526733        -109.425120     0.089512        0.032180        10.316278
11.725835       3.526733        -109.425120     0.089512        0.032180        10.316278
11.583500       3.835739        -109.074433     -0.221253       0.208203        10.282144
11.583500       3.835739        -109.074433     -0.221253       0.208203        10.282144
11.258291       4.093723        -108.919431     -0.204929       0.252454        10.301874
11.258291       4.093723        -108.919431     -0.204929       0.252454        10.301874
10.638048       4.220500        -108.834490     -0.429176       0.150517        10.117988
10.638048       4.220500        -108.834490     -0.429176       0.150517        10.117988
10.138795       4.060150        -108.843209     -0.211888       0.093937        10.115143
10.138795       4.060150        -108.843209     -0.211888       0.093937        10.115143
9.734354        3.762667        -108.870836     -0.381500       -0.094861       9.950533
9.734354        3.762667        -108.870836     -0.381500       -0.094861       9.950533
9.439464        3.416744        -108.871414     -0.388618       -0.088759       9.922488
9.439464        3.416744        -108.871414     -0.388618       -0.088759       9.922488
9.250307        3.075155        -108.836542     -0.279798       -0.211036       9.805302
9.250307        3.075155        -108.836542     -0.279798       -0.211036       9.805302
9.175702        2.759151        -108.739719     -0.163844       -0.487237       9.711805
9.175702        2.759151        -108.739719     -0.163844       -0.487237       9.711805
9.198495        2.448267        -108.547023     -0.155210       -0.725674       9.646506
9.198495        2.448267        -108.547023     -0.155210       -0.725674       9.646506
9.257032        2.156641        -108.271809     -0.116014       -1.027059       9.717451
9.257032        2.156641        -108.271809     -0.116014       -1.027059       9.717451
9.302441        1.947910        -107.930773     0.061782        -1.266261       10.007468
9.302441        1.947910        -107.930773     0.061782        -1.266261       10.007468
9.340442        1.869243        -107.499086     -0.130667       -1.513572       10.054160
9.340442        1.869243        -107.499086     -0.130667       -1.513572       10.054160
9.403976        1.913317        -106.993363     -0.201323       -1.761317       10.120770
9.403976        1.913317        -106.993363     -0.201323       -1.761317       10.120770
9.487954        1.926907        -106.454850     -0.091974       -2.040513       10.409945
9.487954        1.926907        -106.454850     -0.091974       -2.040513       10.409945
9.617607        1.859011        -105.955412     -0.197195       -2.437506       10.665660
9.617607        1.859011        -105.955412     -0.197195       -2.437506       10.665660
9.852629        1.794735        -105.548457     -0.221274       -2.260195       10.411361
9.852629        1.794735        -105.548457     -0.221274       -2.260195       10.411361
10.357050       1.874195        -105.243327     -0.131921       -2.221835       10.186439
10.357050       1.874195        -105.243327     -0.131921       -2.221835       10.186439
11.260591       2.017272        -105.028759     -0.391122       -1.985516       10.109531
11.260591       2.017272        -105.028759     -0.391122       -1.985516       10.109531
12.580163       2.007041        -104.906321     -0.891291       -1.619264       10.110620
12.580163       2.007041        -104.906321     -0.891291       -1.619264       10.110620
14.294470       1.699884        -104.869146     -0.930019       -1.636690       10.225765
14.294470       1.699884        -104.869146     -0.930019       -1.636690       10.225765
16.039454       1.204623        -104.945599     -1.183431       -0.911700       10.216712
16.039454       1.204623        -104.945599     -1.183431       -0.911700       10.216712
18.448264       0.366598        -105.239000     -1.402882       -0.202062       10.096879
18.448264       0.366598        -105.239000     -1.402882       -0.202062       10.096879
21.644281       -0.960773       -105.956420     -1.548136       0.482074        9.871228
21.644281       -0.960773       -105.956420     -1.548136       0.482074        9.871228
23.837934       -1.905568       -106.671587     -1.692979       1.824546        9.717062
23.837934       -1.905568       -106.671587     -1.692979       1.824546        9.717062
27.031684       -3.230673       -108.082062     -1.774796       2.628614        9.326311
27.031684       -3.230673       -108.082062     -1.774796       2.628614        9.326311
29.410989       -4.161890       -109.524878     -1.152408       3.789769        8.912697
29.410989       -4.161890       -109.524878     -1.152408       3.789769        8.912697
31.402095       -4.829666       -111.223630     -0.643862       4.448305        8.617019
31.402095       -4.829666       -111.223630     -0.643862       4.448305        8.617019
32.667575       -5.170564       -112.738285     -0.615691       5.740058        7.920583
32.667575       -5.170564       -112.738285     -0.615691       5.740058        7.920583
34.021349       -5.426493       -115.283987     -0.611862       6.459113        7.409278
34.021349       -5.426493       -115.283987     -0.611862       6.459113        7.409278
34.525250       -5.390372       -117.247873     -0.320309       7.181246        6.753055
34.525250       -5.390372       -117.247873     -0.320309       7.181246        6.753055
34.576444       -5.010934       -119.740430     -0.364300       7.627899        6.208453
34.576444       -5.010934       -119.740430     -0.364300       7.627899        6.208453
34.008077       -4.204821       -122.320881     -0.690531       8.648532        5.519788
34.008077       -4.204821       -122.320881     -0.690531       8.648532        5.519788
32.877159       -3.031267       -124.949550     -0.653951       8.866181        5.253066
32.877159       -3.031267       -124.949550     -0.653951       8.866181        5.253066
31.236338       -1.581002       -127.567755     -0.429222       8.871538        5.294935
31.236338       -1.581002       -127.567755     -0.429222       8.871538        5.294935
29.125286       0.105775        -130.071820     -0.221336       8.719719        5.367346
29.125286       0.105775        -130.071820     -0.221336       8.719719        5.367346
26.632601       1.983175        -132.402081     -0.370482       8.887576        5.716203
26.632601       1.983175        -132.402081     -0.370482       8.887576        5.716203
23.881222       3.932113        -134.590680     -0.724454       9.001201        6.199971
23.881222       3.932113        -134.590680     -0.724454       9.001201        6.199971
20.969373       5.741373        -136.684199     -1.602931       9.193671        6.857010
20.969373       5.741373        -136.684199     -1.602931       9.193671        6.857010
17.999173       7.257898        -138.684544     -2.076488       8.945995        7.429850
17.999173       7.257898        -138.684544     -2.076488       8.945995        7.429850
15.054172       8.422134        -140.523139     -2.650081       8.670512        7.961679
15.054172       8.422134        -140.523139     -2.650081       8.670512        7.961679
12.204893       9.241811        -142.103528     -2.722818       8.056901        8.589244
12.204893       9.241811        -142.103528     -2.722818       8.056901        8.589244
9.428275        9.700623        -143.379732     -4.146034       7.877715        8.928107
9.428275        9.700623        -143.379732     -4.146034       7.877715        8.928107
7.053484        9.799053        -144.263488     -4.568990       7.314396        9.297065
7.053484        9.799053        -144.263488     -4.568990       7.314396        9.297065
5.042757        9.586359        -144.868104     -4.775856       6.976584        9.945540
5.042757        9.586359        -144.868104     -4.775856       6.976584        9.945540
3.380420        9.098912        -145.202281     -4.933525       6.328981        10.313448
3.380420        9.098912        -145.202281     -4.933525       6.328981        10.313448
1.941190        8.343987        -145.172501     -5.125258       5.853039        10.719747
1.941190        8.343987        -145.172501     -5.125258       5.853039        10.719747
0.565619        7.322477        -144.720527     -5.431619       5.466862        10.905641
0.565619        7.322477        -144.720527     -5.431619       5.466862        10.905641
-0.852944       6.024237        -143.867097     -4.630983       4.540404        10.987949
-0.852944       6.024237        -143.867097     -4.630983       4.540404        10.987949
-2.363595       4.595830        -142.695461     -4.265820       3.856318        11.027061
-2.363595       4.595830        -142.695461     -4.265820       3.856318        11.027061
-3.979506       3.268329        -141.300519     -3.698798       2.759077        10.601124
-3.979506       3.268329        -141.300519     -3.698798       2.759077        10.601124
-5.704470       2.268625        -139.757260     -3.004907       1.973230        10.159778
-5.704470       2.268625        -139.757260     -3.004907       1.973230        10.159778
-7.583618       1.652249        -138.117247     -2.344130       1.002256        9.731896
-7.583618       1.652249        -138.117247     -2.344130       1.002256        9.731896
-8.984935       1.488237        -136.956601     -2.242443       0.363685        9.394004
-8.984935       1.488237        -136.956601     -2.242443       0.363685        9.394004
-10.865559      1.622440        -135.433182     -2.154651       -0.191895       8.748748
-10.865559      1.622440        -135.433182     -2.154651       -0.191895       8.748748
-12.164095      1.875873        -134.250916     -1.794816       -0.979974       8.522906
-12.164095      1.875873        -134.250916     -1.794816       -0.979974       8.522906
-12.998674      2.036353        -133.239357     -1.537670       -2.156965       8.582487
-12.998674      2.036353        -133.239357     -1.537670       -2.156965       8.582487
-13.857328      2.041867        -131.370004     -1.619545       -3.036942       8.248580
-13.857328      2.041867        -131.370004     -1.619545       -3.036942       8.248580
-14.145333      1.898683        -129.845348     -1.789544       -3.836768       8.097685
-14.145333      1.898683        -129.845348     -1.789544       -3.836768       8.097685
-14.187431      1.521868        -127.087338     -1.634362       -4.794944       7.886323
-14.187431      1.521868        -127.087338     -1.634362       -4.794944       7.886323
-13.949574      1.207693        -124.490941     -0.967451       -5.591632       7.718518
-13.949574      1.207693        -124.490941     -0.967451       -5.591632       7.718518
-13.513849      1.009432        -121.769386     -0.911833       -5.829025       7.323831
-13.513849      1.009432        -121.769386     -0.911833       -5.829025       7.323831
-12.851157      1.022082        -118.973713     -0.793394       -6.004520       7.291973
-12.851157      1.022082        -118.973713     -0.793394       -6.004520       7.291973
-12.030668      1.235144        -116.473604     -0.338798       -5.867904       7.511330
-12.030668      1.235144        -116.473604     -0.338798       -5.867904       7.511330
-11.092017      1.579492        -114.164174     -0.193604       -5.757188       7.709990
-11.092017      1.579492        -114.164174     -0.193604       -5.757188       7.709990
-10.117216      1.987050        -112.010152     -0.279738       -5.617371       8.062666
-10.117216      1.987050        -112.010152     -0.279738       -5.617371       8.062666
-9.170015       2.345629        -109.991808     -0.534533       -5.542500       8.427230
-9.170015       2.345629        -109.991808     -0.534533       -5.542500       8.427230
-8.293724       2.602515        -108.140638     -0.415598       -5.430882       8.733194
-8.293724       2.602515        -108.140638     -0.415598       -5.430882       8.733194
-7.503450       2.828597        -106.522811     -0.461104       -5.122092       8.668826
-7.503450       2.828597        -106.522811     -0.461104       -5.122092       8.668826
-6.811052       3.051539        -105.177639     -0.421204       -4.916228       8.868991
-6.811052       3.051539        -105.177639     -0.421204       -4.916228       8.868991
-6.344436       3.204767        -104.275671     -0.485513       -4.687419       9.090870
-6.344436       3.204767        -104.275671     -0.485513       -4.687419       9.090870
-5.777203       3.319589        -103.159410     -0.411133       -4.621611       9.171576
-5.777203       3.319589        -103.159410     -0.411133       -4.621611       9.171576
-5.347663       3.308114        -102.346434     -0.566584       -4.469679       9.088660
-5.347663       3.308114        -102.346434     -0.566584       -4.469679       9.088660
-4.983411       3.246329        -101.805728     -0.415752       -4.207464       9.303225
-4.983411       3.246329        -101.805728     -0.415752       -4.207464       9.303225
-4.471787       3.102397        -101.218087     -0.177929       -4.140115       9.426176
-4.471787       3.102397        -101.218087     -0.177929       -4.140115       9.426176
-3.903716       2.870384        -100.658984     -0.393147       -3.876351       9.363775
-3.903716       2.870384        -100.658984     -0.393147       -3.876351       9.363775
-3.076298       2.412801        -99.989597      -0.413847       -3.612589       9.354937
-3.076298       2.412801        -99.989597      -0.413847       -3.612589       9.354937
-2.164268       1.869944        -99.559133      0.048564        -3.125591       9.629909
-2.164268       1.869944        -99.559133      0.048564        -3.125591       9.629909
-1.294315       1.412518        -99.392277      0.105178        -2.429228       9.601748
-1.294315       1.412518        -99.392277      0.105178        -2.429228       9.601748
0.147373        0.865682        -99.463948      0.095103        -1.752905       9.431609
0.147373        0.865682        -99.463948      0.095103        -1.752905       9.431609
1.128246        0.643586        -99.640519      0.125951        -0.892386       9.313869
1.128246        0.643586        -99.640519      0.125951        -0.892386       9.313869
2.158499        0.498293        -99.901302      0.513715        -0.782194       9.629620
2.158499        0.498293        -99.901302      0.513715        -0.782194       9.629620
2.997069        0.426674        -100.240598     1.063361        -0.656381       9.871688
2.997069        0.426674        -100.240598     1.063361        -0.656381       9.871688
3.691630        0.524562        -100.670684     0.724614        -0.047578       9.822960
3.691630        0.524562        -100.670684     0.724614        -0.047578       9.822960
4.301987        0.840208        -101.188212     0.245869        0.487591        9.712643
4.301987        0.840208        -101.188212     0.245869        0.487591        9.712643
4.841089        1.244125        -101.736877     0.025417        0.626852        9.811739
4.841089        1.244125        -101.736877     0.025417        0.626852        9.811739
5.305866        1.595088        -102.249650     -0.113195       0.544446        10.063107
5.305866        1.595088        -102.249650     -0.113195       0.544446        10.063107
5.723243        1.866462        -102.703085     -0.497474       0.617066        10.073434
5.723243        1.866462        -102.703085     -0.497474       0.617066        10.073434
6.128415        2.125728        -103.087332     -0.672947       0.860544        10.058104
6.128415        2.125728        -103.087332     -0.672947       0.860544        10.058104
6.565520        2.373012        -103.414654     -0.522284       1.020618        10.188057
6.565520        2.373012        -103.414654     -0.522284       1.020618        10.188057
7.026516        2.561031        -103.681447     -0.744821       1.256566        10.255245
7.026516        2.561031        -103.681447     -0.744821       1.256566        10.255245
7.499307        2.678283        -103.892621     -0.805957       1.384294        10.243650
7.499307        2.678283        -103.892621     -0.805957       1.384294        10.243650
7.932959        2.767390        -104.037167     -0.788710       1.423669        10.256387
7.932959        2.767390        -104.037167     -0.788710       1.423669        10.256387
8.327009        2.869718        -104.104272     -0.718231       1.312474        10.221987
8.327009        2.869718        -104.104272     -0.718231       1.312474        10.221987
8.692680        2.972985        -104.080555     -0.467258       0.933994        10.386369
8.692680        2.972985        -104.080555     -0.467258       0.933994        10.386369
9.096863        3.104098        -103.924414     -0.543286       0.364090        10.519723
9.096863        3.104098        -103.924414     -0.543286       0.364090        10.519723
9.664193        3.275430        -103.581294     -0.804312       -0.174048       10.621322
9.664193        3.275430        -103.581294     -0.804312       -0.174048       10.621322
10.500127       3.374246        -102.973919     -1.048136       -1.030644       10.999621
10.500127       3.374246        -102.973919     -1.048136       -1.030644       10.999621
11.694903       3.242914        -102.062957     -1.032782       -2.146317       11.528057
11.694903       3.242914        -102.062957     -1.032782       -2.146317       11.528057
13.356507       2.828840        -100.912466     -1.050331       -3.096374       11.824272
13.356507       2.828840        -100.912466     -1.050331       -3.096374       11.824272
15.574637       2.314548        -99.692409      -1.180119       -2.985573       11.556190
15.574637       2.314548        -99.692409      -1.180119       -2.985573       11.556190
18.441784       1.779855        -98.575109      -1.797814       -2.636322       11.238698
18.441784       1.779855        -98.575109      -1.797814       -2.636322       11.238698
21.667080       1.169763        -97.831801      -1.926845       -2.123045       11.006039
21.667080       1.169763        -97.831801      -1.926845       -2.123045       11.006039
25.217548       0.486971        -97.500945      -1.659050       -1.692424       10.649386
25.217548       0.486971        -97.500945      -1.659050       -1.692424       10.649386
28.901008       -0.036633       -97.556580      -1.905350       -0.304023       10.197869
28.901008       -0.036633       -97.556580      -1.905350       -0.304023       10.197869
32.457950       -0.384473       -97.946050      -1.884411       1.280935        9.968890
32.457950       -0.384473       -97.946050      -1.884411       1.280935        9.968890
35.759373       -0.686953       -98.591260      -1.280401       2.190881        10.055853
35.759373       -0.686953       -98.591260      -1.280401       2.190881        10.055853
38.751913       -1.057102       -99.468463      -0.681353       2.880663        9.882187
38.751913       -1.057102       -99.468463      -0.681353       2.880663        9.882187
41.416680       -1.482879       -100.597212     -0.422251       3.596076        9.283355
41.416680       -1.482879       -100.597212     -0.422251       3.596076        9.283355
43.729142       -1.825988       -102.017914     -0.375199       4.611607        8.145150
43.729142       -1.825988       -102.017914     -0.375199       4.611607        8.145150
45.699830       -1.999729       -103.863402     -0.555652       5.535876        7.021926
45.699830       -1.999729       -103.863402     -0.555652       5.535876        7.021926
47.362302       -2.048235       -106.314795     -1.281495       7.035124        5.594463
47.362302       -2.048235       -106.314795     -1.281495       7.035124        5.594463
48.481926       -1.976538       -109.128329     -0.701719       7.633592        5.016976
48.481926       -1.976538       -109.128329     -0.701719       7.633592        5.016976
49.026911       -1.699555       -112.222915     -0.768391       8.909246        4.229421
49.026911       -1.699555       -112.222915     -0.768391       8.909246        4.229421
48.979418       -1.200826       -115.279280     -1.443601       10.113949       3.129404
48.979418       -1.200826       -115.279280     -1.443601       10.113949       3.129404
48.605440       -0.635467       -117.523058     -0.592381       9.747288        3.323198
48.605440       -0.635467       -117.523058     -0.592381       9.747288        3.323198
47.643737       0.476322        -120.479742     -0.731440       10.063323       3.144278
47.643737       0.476322        -120.479742     -0.731440       10.063323       3.144278
46.587932       1.569737        -122.548998     -1.109145       10.269202       2.996652
46.587932       1.569737        -122.548998     -1.109145       10.269202       2.996652
45.595328       2.531455        -124.081757     -1.090991       10.319193       3.418252
45.595328       2.531455        -124.081757     -1.090991       10.319193       3.418252
44.077155       3.829165        -126.219183     -1.483564       10.564050       3.655580
44.077155       3.829165        -126.219183     -1.483564       10.564050       3.655580
43.064184       4.544726        -127.696249     -1.440067       10.818339       4.254238
43.064184       4.544726        -127.696249     -1.440067       10.818339       4.254238
41.773797       5.185799        -129.523404     -1.882837       11.239671       4.222434
41.773797       5.185799        -129.523404     -1.882837       11.239671       4.222434
40.414464       5.550638        -131.198398     -2.222259       10.773540       4.692537
40.414464       5.550638        -131.198398     -2.222259       10.773540       4.692537
38.951844       5.735713        -132.672062     -2.056810       10.213451       5.030879
38.951844       5.735713        -132.672062     -2.056810       10.213451       5.030879
37.292407       5.918533        -133.956467     -2.244235       10.497549       4.895081
37.292407       5.918533        -133.956467     -2.244235       10.497549       4.895081
35.358296       6.209669        -135.060768     -2.657853       10.684902       4.948887
35.358296       6.209669        -135.060768     -2.657853       10.684902       4.948887
32.628966       6.706050        -136.102683     -2.107351       10.315515       5.384441
32.628966       6.706050        -136.102683     -2.107351       10.315515       5.384441
30.032129       7.170612        -136.765563     -1.960726       9.445328        5.973917
30.032129       7.170612        -136.765563     -1.960726       9.445328        5.973917
27.242021       7.527479        -137.310706     -2.163088       8.890854        6.507390
27.242021       7.527479        -137.310706     -2.163088       8.890854        6.507390
24.329311       7.699018        -137.809440     -1.846050       7.666557        7.083568
24.329311       7.699018        -137.809440     -1.846050       7.666557        7.083568
21.871295       7.743346        -138.199359     -1.588716       6.454346        7.439623
21.871295       7.743346        -138.199359     -1.588716       6.454346        7.439623
19.063568       7.755295        -138.477456     -1.876144       5.480651        7.701790
19.063568       7.755295        -138.477456     -1.876144       5.480651        7.701790
16.639280       7.800877        -138.422551     -1.545189       3.552349        7.811036
16.639280       7.800877        -138.422551     -1.545189       3.552349        7.811036
14.810445       7.886462        -138.049333     -1.877519       2.672006        7.878433
14.810445       7.886462        -138.049333     -1.877519       2.672006        7.878433
13.521739       7.908083        -137.458089     -2.022764       2.256129        8.307582
13.521739       7.908083        -137.458089     -2.022764       2.256129        8.307582
12.673870       7.749408        -136.703380     -1.636188       1.414097        9.132512
12.673870       7.749408        -136.703380     -1.636188       1.414097        9.132512
12.176382       7.334646        -135.812743     -1.316974       0.984649        9.665474
12.176382       7.334646        -135.812743     -1.316974       0.984649        9.665474
11.929754       6.693539        -134.855560     -1.070461       0.759923        9.721206
11.929754       6.693539        -134.855560     -1.070461       0.759923        9.721206
11.777545       5.984478        -133.874260     -1.156235       1.002813        9.574699
11.777545       5.984478        -133.874260     -1.156235       1.002813        9.574699
11.548435       5.399158        -132.944366     -0.633677       0.996666        9.719619
11.548435       5.399158        -132.944366     -0.633677       0.996666        9.719619
11.069179       5.039570        -132.132403     -0.362795       1.023189        9.646682
11.069179       5.039570        -132.132403     -0.362795       1.023189        9.646682
10.259234       4.991964        -131.577662     -0.391422       1.023191        9.526415
10.259234       4.991964        -131.577662     -0.391422       1.023191        9.526415
9.152947        5.220948        -131.290274     -0.204689       0.752740        9.501940
9.152947        5.220948        -131.290274     -0.204689       0.752740        9.501940
7.882069        5.640669        -131.225533     -0.290218       0.565555        9.317465
7.882069        5.640669        -131.225533     -0.290218       0.565555        9.317465
6.614905        6.136878        -131.318385     -0.447981       0.272493        9.371738
6.614905        6.136878        -131.318385     -0.447981       0.272493        9.371738
5.521712        6.603191        -131.469683     -0.645731       -0.106162       9.419258
5.521712        6.603191        -131.469683     -0.645731       -0.106162       9.419258
4.752182        6.945364        -131.591897     -0.727616       -0.486682       9.430809
4.752182        6.945364        -131.591897     -0.727616       -0.486682       9.430809
4.321500        7.130374        -131.640131     -1.441908       -0.127145       9.277642
4.321500        7.130374        -131.640131     -1.441908       -0.127145       9.277642
4.132411        7.159900        -131.620123     -1.588683       0.169279        9.510090
4.132411        7.159900        -131.620123     -1.588683       0.169279        9.510090
4.012732        7.119441        -131.623877     -1.865027       0.805882        9.828169
4.012732        7.119441        -131.623877     -1.865027       0.805882        9.828169
3.696761        7.073009        -131.848583     -2.647703       2.006314        10.246556
3.696761        7.073009        -131.848583     -2.647703       2.006314        10.246556
2.782145        6.974200        -132.496025     -3.767313       3.655057        10.796438
2.782145        6.974200        -132.496025     -3.767313       3.655057        10.796438
0.980807        6.773528        -133.625828     -4.276233       4.710415        11.664052
0.980807        6.773528        -133.625828     -4.276233       4.710415        11.664052
-1.971162       6.361135        -135.291275     -4.288598       5.219518        12.372129
-1.971162       6.361135        -135.291275     -4.288598       5.219518        12.372129
-6.141122       5.547518        -137.335728     -3.767490       4.856250        12.988572
-6.141122       5.547518        -137.335728     -3.767490       4.856250        12.988572
-11.432220      4.183374        -139.362150     -3.358481       3.839950        12.888259
-11.432220      4.183374        -139.362150     -3.358481       3.839950        12.888259
-16.298272      2.731847        -140.668888     -2.114310       1.291786        12.045074
-16.298272      2.731847        -140.668888     -2.114310       1.291786        12.045074
-22.692849      0.749711        -141.724484     -0.567668       -1.013761       10.709256
-22.692849      0.749711        -141.724484     -0.567668       -1.013761       10.709256
-28.825812      -1.163892       -142.086525     -0.252029       -2.572232       9.224113
-28.825812      -1.163892       -142.086525     -0.252029       -2.572232       9.224113
-34.993926      -3.186169       -141.582145     0.223083        -4.314537       7.725683
-34.993926      -3.186169       -141.582145     0.223083        -4.314537       7.725683
-38.039750      -4.286105       -140.737904     0.307844        -5.550735       6.449302
-38.039750      -4.286105       -140.737904     0.307844        -5.550735       6.449302
-40.698900      -5.631417       -138.785849     0.612718        -6.218662       5.358926
-40.698900      -5.631417       -138.785849     0.612718        -6.218662       5.358926
-41.060750      -6.401708       -136.728252     0.858099        -7.002042       4.218711
-41.060750      -6.401708       -136.728252     0.858099        -7.002042       4.218711
-40.087695      -6.844928       -134.358667     1.380061        -7.390748       3.951162
-40.087695      -6.844928       -134.358667     1.380061        -7.390748       3.951162
-38.110611      -6.898257       -131.784410     1.829500        -7.968320       3.977837
-38.110611      -6.898257       -131.784410     1.829500        -7.968320       3.977837
-35.366677      -6.520864       -129.111054     2.223657        -8.029199       4.394493
-35.366677      -6.520864       -129.111054     2.223657        -8.029199       4.394493
-31.948900      -5.758892       -126.392723     2.164828        -7.821804       4.880995
-31.948900      -5.758892       -126.392723     2.164828        -7.821804       4.880995
-27.930170      -4.688658       -123.633190     1.837147        -7.398399       5.564159
-27.930170      -4.688658       -123.633190     1.837147        -7.398399       5.564159
-23.349659      -3.533626       -120.776143     1.349714        -6.760555       6.305683
-23.349659      -3.533626       -120.776143     1.349714        -6.760555       6.305683
-18.202356      -2.622443       -117.783667     0.987561        -6.006726       7.044303
-18.202356      -2.622443       -117.783667     0.987561        -6.006726       7.044303
-12.295226      -2.166470       -114.638675     0.754577        -5.090095       7.772423
-12.295226      -2.166470       -114.638675     0.754577        -5.090095       7.772423
-7.510266       -2.141129       -112.295529     0.089890        -3.492356       8.409904
-7.510266       -2.141129       -112.295529     0.089890        -3.492356       8.409904
-0.271999       -2.459658       -109.028211     0.389220        -2.820338       9.021896
-0.271999       -2.459658       -109.028211     0.389220        -2.820338       9.021896
4.413904        -2.836477       -107.057310     0.563816        -1.362255       9.257023
4.413904        -2.836477       -107.057310     0.563816        -1.362255       9.257023
10.909534       -3.514791       -104.584398     0.777970        -0.421507       9.281133
10.909534       -3.514791       -104.584398     0.777970        -0.421507       9.281133
14.701122       -3.906475       -103.343912     0.830064        1.372672        9.306097
14.701122       -3.906475       -103.343912     0.830064        1.372672        9.306097
18.617206       -4.187228       -102.295836     0.952328        2.156546        9.536634
18.617206       -4.187228       -102.295836     0.952328        2.156546        9.536634
21.468754       -4.135604       -101.747757     0.852152        2.797319        9.607999
21.468754       -4.135604       -101.747757     0.852152        2.797319        9.607999
23.252921       -3.752332       -101.605638     0.776809        3.129296        9.565692
23.252921       -3.752332       -101.605638     0.776809        3.129296        9.565692
24.038091       -2.884606       -101.865736     0.749810        3.218534        9.458901
24.038091       -2.884606       -101.865736     0.749810        3.218534        9.458901
23.817497       -2.138081       -102.250990     0.570324        3.434747        9.523513
23.817497       -2.138081       -102.250990     0.570324        3.434747        9.523513
22.949460       -1.134185       -102.954012     0.342052        3.554687        9.276768
22.949460       -1.134185       -102.954012     0.342052        3.554687        9.276768
21.677900       -0.207117       -103.874740     0.108132        3.396749        9.228526
21.677900       -0.207117       -103.874740     0.108132        3.396749        9.228526
20.206245       0.566431        -104.903569     -0.062598       3.270301        9.179932
20.206245       0.566431        -104.903569     -0.062598       3.270301        9.179932
18.704900       1.184992        -105.916746     0.085410        2.744579        9.325593
18.704900       1.184992        -105.916746     0.085410        2.744579        9.325593
17.318370       1.648961        -106.812960     -0.208880       2.630608        9.404952
17.318370       1.648961        -106.812960     -0.208880       2.630608        9.404952
16.101003       1.951483        -107.558125     -0.518843       2.458358        9.494335
16.101003       1.951483        -107.558125     -0.518843       2.458358        9.494335
15.059113       2.116010        -108.153478     -0.413143       2.260140        9.504629
15.059113       2.116010        -108.153478     -0.413143       2.260140        9.504629
14.163764       2.196572        -108.598868     -0.142704       2.031668        9.645045
14.163764       2.196572        -108.598868     -0.142704       2.031668        9.645045
13.359883       2.241528        -108.937642     -0.174974       2.019568        9.692750
13.359883       2.241528        -108.937642     -0.174974       2.019568        9.692750
12.583719       2.324953        -109.221312     -0.037771       1.965815        9.788273
12.583719       2.324953        -109.221312     -0.037771       1.965815        9.788273
11.843860       2.488594        -109.461326     -0.130500       1.978389        9.682984
11.843860       2.488594        -109.461326     -0.130500       1.978389        9.682984
11.070464       2.674138        -109.686592     -0.346244       1.825912        9.657311
11.070464       2.674138        -109.686592     -0.346244       1.825912        9.657311
10.251848       2.817509        -109.907514     -0.090473       1.498662        9.921400
10.251848       2.817509        -109.907514     -0.090473       1.498662        9.921400
9.400933        2.897443        -110.162748     -0.290554       1.344961        10.039064
9.400933        2.897443        -110.162748     -0.290554       1.344961        10.039064
8.519433        2.950510        -110.461709     -0.693660       1.314688        9.965026
8.519433        2.950510        -110.461709     -0.693660       1.314688        9.965026
7.597159        3.094205        -110.801472     -0.952530       1.328390        10.057380
7.597159        3.094205        -110.801472     -0.952530       1.328390        10.057380
6.653364        3.350892        -111.168045     -0.719793       0.926145        10.173601
6.653364        3.350892        -111.168045     -0.719793       0.926145        10.173601
5.753098        3.687902        -111.462080     -0.527640       0.603915        10.323029
5.753098        3.687902        -111.462080     -0.527640       0.603915        10.323029
4.989722        4.125855        -111.553744     -0.405240       -0.215621       10.500844
4.989722        4.125855        -111.553744     -0.405240       -0.215621       10.500844
4.863587        4.330526        -111.296633     -1.011949       -1.015228       10.474940
4.863587        4.330526        -111.296633     -1.011949       -1.015228       10.474940
5.419436        4.347268        -110.380780     -1.020113       -1.633248       10.703042
5.419436        4.347268        -110.380780     -1.020113       -1.633248       10.703042
6.982806        3.977139        -108.799673     -1.052527       -2.694798       11.034785
6.982806        3.977139        -108.799673     -1.052527       -2.694798       11.034785
9.858022        3.089824        -106.606614     -0.580418       -3.789079       11.144770
9.858022        3.089824        -106.606614     -0.580418       -3.789079       11.144770
14.108983       1.590115        -104.064895     -0.870149       -3.380277       10.168391
14.108983       1.590115        -104.064895     -0.870149       -3.380277       10.168391
19.609631       -0.351970       -101.624128     -1.165727       -2.097489       9.294646
19.609631       -0.351970       -101.624128     -1.165727       -2.097489       9.294646
24.748495       -2.062678       -100.009276     -1.443686       -0.566144       8.387225
24.748495       -2.062678       -100.009276     -1.443686       -0.566144       8.387225
33.265375       -4.780581       -98.385062      -1.270147       1.296997        7.708688
33.265375       -4.780581       -98.385062      -1.270147       1.296997        7.708688
39.130106       -6.608697       -97.885328      -0.338682       3.252393        7.334588
39.130106       -6.608697       -97.885328      -0.338682       3.252393        7.334588
46.155776       -8.660626       -97.864669      0.255389        5.418835        7.042638
46.155776       -8.660626       -97.864669      0.255389        5.418835        7.042638
53.617193       -10.716935      -98.731824      0.966100        6.728015        6.755435
53.617193       -10.716935      -98.731824      0.966100        6.728015        6.755435
58.095990       -11.885003      -100.038705     1.922213        8.038336        6.572587
58.095990       -11.885003      -100.038705     1.922213        8.038336        6.572587
60.998675       -12.465818      -101.730293     3.391397        9.003835        5.883315
60.998675       -12.465818      -101.730293     3.391397        9.003835        5.883315
62.276110       -12.361849      -103.618174     3.407965        9.918034        5.125838
62.276110       -12.361849      -103.618174     3.407965        9.918034        5.125838
62.022949       -11.527795      -105.576511     2.608700        10.323826       4.171223
62.022949       -11.527795      -105.576511     2.608700        10.323826       4.171223
60.451817       -9.955986       -107.507867     2.234240        10.141738       3.811932
60.451817       -9.955986       -107.507867     2.234240        10.141738       3.811932
57.849322       -7.742226       -109.404183     1.978532        9.851059        3.984452
57.849322       -7.742226       -109.404183     1.978532        9.851059        3.984452
54.407495       -5.122076       -111.366509     1.038124        9.945616        4.161856
54.407495       -5.122076       -111.366509     1.038124        9.945616        4.161856
50.274123       -2.321608       -113.539997     0.963637        9.412632        4.973590
50.274123       -2.321608       -113.539997     0.963637        9.412632        4.973590
45.322076       0.566877        -116.070789     0.192531        9.048645        5.698898
45.322076       0.566877        -116.070789     0.192531        9.048645        5.698898
41.122711       2.670779        -118.186633     0.083894        8.061256        6.477378
41.122711       2.670779        -118.186633     0.083894        8.061256        6.477378
34.288278       5.474380        -121.604928     -0.981431       7.872224        6.720109
34.288278       5.474380        -121.604928     -0.981431       7.872224        6.720109
28.318556       7.368060        -124.677686     -1.528225       7.310940        7.344695
28.318556       7.368060        -124.677686     -1.528225       7.310940        7.344695
22.220139       8.848680        -127.802981     -1.632211       6.396764        7.897554
22.220139       8.848680        -127.802981     -1.632211       6.396764        7.897554
17.388893       9.775231        -130.253502     -1.450780       5.004891        8.768940
17.388893       9.775231        -130.253502     -1.450780       5.004891        8.768940
10.540864       10.671487       -133.675462     -2.148686       4.441034        8.687094
10.540864       10.671487       -133.675462     -2.148686       4.441034        8.687094
6.444875        10.926355       -135.750083     -2.501137       3.394165        8.958524
6.444875        10.926355       -135.750083     -2.501137       3.394165        8.958524
1.285156        10.835217       -138.413174     -2.757502       2.775801        8.861608
1.285156        10.835217       -138.413174     -2.757502       2.775801        8.861608
-1.511917       10.525606       -139.865076     -3.003332       1.824990        9.001592
-1.511917       10.525606       -139.865076     -3.003332       1.824990        9.001592
-3.871579       9.968491        -141.077830     -2.801349       0.935424        9.223574
-3.871579       9.968491        -141.077830     -2.801349       0.935424        9.223574
-5.169300       9.248266        -141.694915     -2.805832       0.558398        9.169954
-5.169300       9.248266        -141.694915     -2.805832       0.558398        9.169954
-5.489835       8.432274        -141.728875     -2.685040       0.240799        9.136689
-5.489835       8.432274        -141.728875     -2.685040       0.240799        9.136689
-5.023679       7.583874        -141.255977     -2.321361       0.115231        9.216526
-5.023679       7.583874        -141.255977     -2.321361       0.115231        9.216526
-4.015841       6.769812        -140.370146     -1.976605       0.253353        9.344070
-4.015841       6.769812        -140.370146     -1.976605       0.253353        9.344070
-2.710301       6.049221        -139.178306     -1.440776       0.432483        9.519760
-2.710301       6.049221        -139.178306     -1.440776       0.432483        9.519760
-1.330855       5.455278        -137.799803     -1.503953       0.937106        9.675969
-1.330855       5.455278        -137.799803     -1.503953       0.937106        9.675969
-0.054013       4.966340        -136.357548     -1.177191       1.116090        9.745817
-0.054013       4.966340        -136.357548     -1.177191       1.116090        9.745817
1.004220        4.582896        -134.933620     -1.249200       1.597110        9.644781
1.004220        4.582896        -134.933620     -1.249200       1.597110        9.644781
1.791050        4.306180        -133.599871     -1.177056       1.776514        9.665906
1.791050        4.306180        -133.599871     -1.177056       1.776514        9.665906
2.325342        4.109578        -132.375144     -1.022872       1.795153        9.794276
2.325342        4.109578        -132.375144     -1.022872       1.795153        9.794276
2.593513        3.950459        -131.375818     -1.106153       1.836590        9.754946
2.593513        3.950459        -131.375818     -1.106153       1.836590        9.754946
2.661476        3.782817        -130.550516     -1.068870       1.740538        9.686557
2.661476        3.782817        -130.550516     -1.068870       1.740538        9.686557
2.541670        3.634985        -129.876346     -1.023173       1.584161        9.699736
2.541670        3.634985        -129.876346     -1.023173       1.584161        9.699736
2.217250        3.493862        -129.337311     -0.920532       1.169876        9.788388
2.217250        3.493862        -129.337311     -0.920532       1.169876        9.788388
1.703235        3.377285        -128.910750     -0.918463       0.867748        9.723367
1.703235        3.377285        -128.910750     -0.918463       0.867748        9.723367
1.048495        3.344760        -128.578604     -0.897393       0.693919        9.552750
1.048495        3.344760        -128.578604     -0.897393       0.693919        9.552750
0.293019        3.399210        -128.293067     -0.905122       0.441704        9.590280
0.293019        3.399210        -128.293067     -0.905122       0.441704        9.590280
-0.525512       3.475942        -128.002907     -0.598791       0.091872        9.695605
-0.525512       3.475942        -128.002907     -0.598791       0.091872        9.695605
-1.400130       3.526300        -127.683908     -0.503043       -0.331070       9.721577
-1.400130       3.526300        -127.683908     -0.503043       -0.331070       9.721577
-2.219655       3.548819        -127.348325     -0.539396       -0.548492       9.637176
-2.219655       3.548819        -127.348325     -0.539396       -0.548492       9.637176
-2.975773       3.560423        -126.968816     -0.531305       -0.748180       9.581129
-2.975773       3.560423        -126.968816     -0.531305       -0.748180       9.581129
-3.621293       3.558928        -126.531844     -0.332372       -1.054577       9.447592
-3.621293       3.558928        -126.531844     -0.332372       -1.054577       9.447592
-4.132763       3.551799        -126.039240     -0.253690       -1.225710       9.337836
-4.132763       3.551799        -126.039240     -0.253690       -1.225710       9.337836
-4.514279       3.545268        -125.494474     -0.411232       -1.334514       9.232923
-4.514279       3.545268        -125.494474     -0.411232       -1.334514       9.232923
-4.763473       3.540707        -124.908137     -0.380529       -1.471264       9.231160
-4.763473       3.540707        -124.908137     -0.380529       -1.471264       9.231160
-4.868445       3.559933        -124.302524     -0.343956       -1.458259       9.217673
-4.868445       3.559933        -124.302524     -0.343956       -1.458259       9.217673
-4.857567       3.591393        -123.825723     -0.286543       -1.489284       9.357340
-4.857567       3.591393        -123.825723     -0.286543       -1.489284       9.357340
-4.755739       3.635552        -123.262894     -0.257289       -1.532320       9.460129
-4.755739       3.635552        -123.262894     -0.257289       -1.532320       9.460129
-4.564931       3.707895        -122.639549     -0.405768       -1.441378       9.471588
-4.564931       3.707895        -122.639549     -0.405768       -1.441378       9.471588
-4.419000       3.779856        -122.242718     -0.419963       -1.381082       9.527655
-4.419000       3.779856        -122.242718     -0.419963       -1.381082       9.527655
-4.226893       3.897143        -121.754810     -0.456149       -1.339121       9.499042
-4.226893       3.897143        -121.754810     -0.456149       -1.339121       9.499042
-4.089249       4.019315        -121.436026     -0.570202       -1.238271       9.576554
-4.089249       4.019315        -121.436026     -0.570202       -1.238271       9.576554
-4.003472       4.178111        -121.192050     -0.674843       -1.199501       9.550968
-4.003472       4.178111        -121.192050     -0.674843       -1.199501       9.550968
-4.002638       4.364297        -120.998806     -0.741760       -1.250286       9.485648
-4.002638       4.364297        -120.998806     -0.741760       -1.250286       9.485648
-4.073110       4.580298        -120.837311     -0.727851       -1.344111       9.444104
-4.073110       4.580298        -120.837311     -0.727851       -1.344111       9.444104
-4.151832       4.842879        -120.727386     -0.891110       -1.409053       9.479067
-4.151832       4.842879        -120.727386     -0.891110       -1.409053       9.479067
-4.190715       5.102027        -120.673960     -1.009522       -1.303315       9.508916
-4.190715       5.102027        -120.673960     -1.009522       -1.303315       9.508916
-4.185842       5.326032        -120.640809     -1.080323       -1.246562       9.653836
-4.185842       5.326032        -120.640809     -1.080323       -1.246562       9.653836
-4.136859       5.501709        -120.598542     -1.030167       -1.346046       9.750034
-4.136859       5.501709        -120.598542     -1.030167       -1.346046       9.750034
-4.014211       5.622537        -120.523302     -1.076357       -1.296139       9.741206
-4.014211       5.622537        -120.523302     -1.076357       -1.296139       9.741206
-3.810346       5.684685        -120.424683     -1.216226       -1.121552       9.731091
-3.810346       5.684685        -120.424683     -1.216226       -1.121552       9.731091
-3.517838       5.726425        -120.323820     -1.143537       -0.964566       9.738124
-3.517838       5.726425        -120.323820     -1.143537       -0.964566       9.738124
-3.167058       5.753362        -120.207918     -1.262278       -0.809841       9.675392
-3.167058       5.753362        -120.207918     -1.262278       -0.809841       9.675392
-2.871948       5.747254        -120.095100     -1.095111       -0.733573       9.842839
-2.871948       5.747254        -120.095100     -1.095111       -0.733573       9.842839
-2.461699       5.690511        -119.900772     -1.003399       -0.633028       9.919134
-2.461699       5.690511        -119.900772     -1.003399       -0.633028       9.919134
-2.229386       5.628767        -119.768411     -0.978837       -0.500144       9.909972
-2.229386       5.628767        -119.768411     -0.978837       -0.500144       9.909972
-1.947080       5.565619        -119.581966     -0.925819       -0.463058       9.919473
-1.947080       5.565619        -119.581966     -0.925819       -0.463058       9.919473
-1.753475       5.585396        -119.455384     -0.989656       -0.340042       9.881045
-1.753475       5.585396        -119.455384     -0.989656       -0.340042       9.881045
-1.554353       5.632337        -119.318827     -1.111316       -0.351834       9.969337
-1.554353       5.632337        -119.318827     -1.111316       -0.351834       9.969337
-1.281258       5.638911        -119.126896     -1.164161       -0.357817       9.944445
-1.281258       5.638911        -119.126896     -1.164161       -0.357817       9.944445
-0.973323       5.591714        -118.930921     -1.221996       -0.377902       9.970920
-0.973323       5.591714        -118.930921     -1.221996       -0.377902       9.970920
-0.420034       5.449177        -118.596424     -1.269876       -0.337867       9.920541
-0.420034       5.449177        -118.596424     -1.269876       -0.337867       9.920541
0.327233        5.197331        -118.159735     -1.127239       -0.283416       9.911177
0.327233        5.197331        -118.159735     -1.127239       -0.283416       9.911177
1.249763        4.847234        -117.633054     -1.011450       -0.165269       9.885352
1.249763        4.847234        -117.633054     -1.011450       -0.165269       9.885352
2.271033        4.447107        -117.039489     -0.880597       -0.007358       9.724660
2.271033        4.447107        -117.039489     -0.880597       -0.007358       9.724660
3.281550        4.077821        -116.444304     -0.850141       0.266396        9.690042
3.281550        4.077821        -116.444304     -0.850141       0.266396        9.690042
4.191548        3.804918        -115.905020     -0.848433       0.621816        9.656657
4.191548        3.804918        -115.905020     -0.848433       0.621816        9.656657
4.934379        3.638418        -115.463297     -0.689220       0.746276        9.685006
4.934379        3.638418        -115.463297     -0.689220       0.746276        9.685006
5.468407        3.568622        -115.163224     -0.770499       1.046517        9.666327
5.468407        3.568622        -115.163224     -0.770499       1.046517        9.666327
5.682969        3.583393        -115.090569     -0.657472       1.254481        9.796481
5.682969        3.583393        -115.090569     -0.657472       1.254481        9.796481
5.531858        3.690101        -115.272474     -0.797218       1.447825        9.891002
5.531858        3.690101        -115.272474     -0.797218       1.447825        9.891002
4.981658        3.882308        -115.707784     -0.909147       1.480196        9.935298
4.981658        3.882308        -115.707784     -0.909147       1.480196        9.935298
3.989951        4.145536        -116.387992     -0.924858       1.358965        9.989363
3.989951        4.145536        -116.387992     -0.924858       1.358965        9.989363
2.532129        4.454103        -117.315795     -1.086796       1.212258        10.127668
2.532129        4.454103        -117.315795     -1.086796       1.212258        10.127668
0.612023        4.792295        -118.472802     -1.151790       0.903095        10.154358
0.612023        4.792295        -118.472802     -1.151790       0.903095        10.154358
-1.681812       5.131505        -119.819797     -0.979960       0.388190        10.305414
-1.681812       5.131505        -119.819797     -0.979960       0.388190        10.305414
-4.170893       5.413509        -121.257082     -0.930263       -0.261762       10.180282
-4.170893       5.413509        -121.257082     -0.930263       -0.261762       10.180282
-6.567584       5.593735        -122.608312     -1.005375       -1.105127       9.872425
-6.567584       5.593735        -122.608312     -1.005375       -1.105127       9.872425
-8.487584       5.598405        -123.636025     -0.914696       -2.157550       9.620139
-8.487584       5.598405        -123.636025     -0.914696       -2.157550       9.620139
-9.579655       5.374322        -124.153597     -0.741666       -2.903238       9.271105
-9.579655       5.374322        -124.153597     -0.741666       -2.903238       9.271105
-9.493329       5.031108        -123.976008     -0.842753       -3.638774       8.916516
-9.493329       5.031108        -123.976008     -0.842753       -3.638774       8.916516
-8.528630       4.726729        -123.298716     -0.731119       -4.021785       8.507079
-8.528630       4.726729        -123.298716     -0.731119       -4.021785       8.507079
-5.494589       4.219727        -121.385584     -0.369792       -4.266926       8.348445
-5.494589       4.219727        -121.385584     -0.369792       -4.266926       8.348445
-1.655977       3.695156        -119.068469     -0.140480       -3.854232       8.201488
-1.655977       3.695156        -119.068469     -0.140480       -3.854232       8.201488
3.092845        2.994724        -116.392020     0.222559        -3.186969       8.433425
3.092845        2.994724        -116.392020     0.222559        -3.186969       8.433425
8.390052        2.086116        -113.714112     0.224216        -1.673703       8.521289
8.390052        2.086116        -113.714112     0.224216        -1.673703       8.521289
12.734169       1.248713        -111.775501     0.332302        -0.256102       8.534151
12.734169       1.248713        -111.775501     0.332302        -0.256102       8.534151
17.918715       0.188942        -109.810347     0.478724        1.271770        8.705694
17.918715       0.188942        -109.810347     0.478724        1.271770        8.705694
23.371376       -0.883633       -108.341139     0.338053        2.716965        8.845272
23.371376       -0.883633       -108.341139     0.338053        2.716965        8.845272
26.720906       -1.410549       -108.002086     0.122446        3.968930        8.979116
26.720906       -1.410549       -108.002086     0.122446        3.968930        8.979116
29.079944       -1.595496       -108.328402     0.116109        4.796933        9.012278
29.079944       -1.595496       -108.328402     0.116109        4.796933        9.012278
30.405301       -1.426591       -109.237191     0.194724        5.175481        9.044395
30.405301       -1.426591       -109.237191     0.194724        5.175481        9.044395
30.681690       -0.877576       -110.608760     -0.149219       5.607583        9.034513
30.681690       -0.877576       -110.608760     -0.149219       5.607583        9.034513
29.972188       0.041399        -112.342406     -0.235613       5.660795        8.978306
29.972188       0.041399        -112.342406     -0.235613       5.660795        8.978306
28.404223       1.244623        -114.382841     -0.370878       5.599543        9.034716
28.404223       1.244623        -114.382841     -0.370878       5.599543        9.034716
26.127636       2.583889        -116.694629     -0.596084       5.439906        9.062593
26.127636       2.583889        -116.694629     -0.596084       5.439906        9.062593
23.254317       3.941060        -119.247832     -0.726439       5.121141        9.198853
23.254317       3.941060        -119.247832     -0.726439       5.121141        9.198853
19.908773       5.216595        -122.010461     -0.936524       4.879334        9.246571
19.908773       5.216595        -122.010461     -0.936524       4.879334        9.246571
16.983246       6.110890        -124.328400     -1.332901       4.562662        9.443781
16.983246       6.110890        -124.328400     -1.332901       4.562662        9.443781
12.228975       7.210883        -128.024826     -1.490232       4.157694        9.515009
12.228975       7.210883        -128.024826     -1.490232       4.157694        9.515009
9.128973        7.726146        -130.406686     -1.734513       3.534187        9.554499
9.128973        7.726146        -130.406686     -1.734513       3.534187        9.554499
4.642352        8.236364        -133.795725     -2.143493       3.195607        9.608196
4.642352        8.236364        -133.795725     -2.143493       3.195607        9.608196
1.888390        8.395161        -135.849997     -2.106504       2.310668        9.668640
1.888390        8.395161        -135.849997     -2.106504       2.310668        9.668640
-1.670332       8.335056        -138.489306     -2.192193       1.848234        9.758293
-1.670332       8.335056        -138.489306     -2.192193       1.848234        9.758293
-3.534328       8.069953        -139.875373     -2.095739       0.968339        9.837336
-3.534328       8.069953        -139.875373     -2.095739       0.968339        9.837336
-5.497213       7.439810        -141.323694     -2.160543       0.674310        9.677019
-5.497213       7.439810        -141.323694     -2.160543       0.674310        9.677019
-6.356204       6.831479        -141.948788     -2.026647       0.225537        9.562251
-6.356204       6.831479        -141.948788     -2.026647       0.225537        9.562251
-6.558107       6.216984        -142.094773     -1.716074       0.052820        9.655283
-6.558107       6.216984        -142.094773     -1.716074       0.052820        9.655283
-6.193819       5.638544        -141.807842     -1.524872       -0.015189       9.582459
-6.193819       5.638544        -141.807842     -1.524872       -0.015189       9.582459
-5.554178       5.182861        -141.288045     -1.268261       0.021840        9.580419
-5.554178       5.182861        -141.288045     -1.268261       0.021840        9.580419
-4.534149       4.689862        -140.399497     -1.132353       0.152358        9.532756
-4.534149       4.689862        -140.399497     -1.132353       0.152358        9.532756
-3.367158       4.285231        -139.301716     -0.962218       0.298028        9.518739
-3.367158       4.285231        -139.301716     -0.962218       0.298028        9.518739
-2.148323       4.028344        -138.094460     -0.868113       0.589577        9.506891
-2.148323       4.028344        -138.094460     -0.868113       0.589577        9.506891
-0.982390       3.896961        -136.857183     -0.935862       0.903911        9.563209
-0.982390       3.896961        -136.857183     -0.935862       0.903911        9.563209
0.043656        3.856750        -135.628870     -0.933883       1.059639        9.706762
0.043656        3.856750        -135.628870     -0.933883       1.059639        9.706762
0.877148        3.860025        -134.447499     -0.938453       1.110900        9.750462
0.877148        3.860025        -134.447499     -0.938453       1.110900        9.750462
1.487718        3.812662        -133.352701     -0.787579       1.027140        9.987769
1.487718        3.812662        -133.352701     -0.787579       1.027140        9.987769
1.870743        3.726115        -132.368397     -0.962640       1.093122        9.879006
1.870743        3.726115        -132.368397     -0.962640       1.093122        9.879006
2.058262        3.652229        -131.492429     -1.135313       1.127266        9.771194
2.058262        3.652229        -131.492429     -1.135313       1.127266        9.771194
2.062584        3.585319        -130.800086     -1.001770       0.999287        9.734841
2.062584        3.585319        -130.800086     -1.001770       0.999287        9.734841
1.927179        3.538691        -130.235792     -0.937372       0.783154        9.714508
1.927179        3.538691        -130.235792     -0.937372       0.783154        9.714508
1.696124        3.527022        -129.784463     -1.088055       0.730165        9.609449
1.696124        3.527022        -129.784463     -1.088055       0.730165        9.609449
1.423126        3.504207        -129.420978     -0.885519       0.574298        9.601037
1.423126        3.504207        -129.420978     -0.885519       0.574298        9.601037
1.138724        3.462971        -129.098262     -0.864925       0.370343        9.539013
1.138724        3.462971        -129.098262     -0.864925       0.370343        9.539013
0.853995        3.402064        -128.791556     -0.795318       0.214463        9.658587
0.853995        3.402064        -128.791556     -0.795318       0.214463        9.658587
0.568429        3.336305        -128.465136     -0.691920       0.071683        9.686843
0.568429        3.336305        -128.465136     -0.691920       0.071683        9.686843
0.273381        3.270353        -128.100183     -0.670746       0.067191        9.706953
0.273381        3.270353        -128.100183     -0.670746       0.067191        9.706953
-0.035285       3.213134        -127.682039     -0.581326       -0.116398       9.680972
-0.035285       3.213134        -127.682039     -0.581326       -0.116398       9.680972
-0.362974       3.164003        -127.193290     -0.563916       -0.238432       9.778735
-0.362974       3.164003        -127.193290     -0.563916       -0.238432       9.778735
-0.695869       3.099145        -126.629767     -0.500561       -0.385822       9.707066
-0.695869       3.099145        -126.629767     -0.500561       -0.385822       9.707066
-0.960980       3.069828        -126.067249     -0.448145       -0.325312       9.628914
-0.960980       3.069828        -126.067249     -0.448145       -0.325312       9.628914
-1.158070       3.079119        -125.505971     -0.456080       -0.401897       9.562058
-1.158070       3.079119        -125.505971     -0.456080       -0.401897       9.562058
-1.301049       3.106340        -124.940373     -0.488686       -0.434787       9.722908
-1.301049       3.106340        -124.940373     -0.488686       -0.434787       9.722908
-1.412834       3.133356        -124.363970     -0.629975       -0.510162       9.648046
-1.412834       3.133356        -124.363970     -0.629975       -0.510162       9.648046
-1.500756       3.114750        -123.799682     -0.478277       -0.634242       9.727520
-1.500756       3.114750        -123.799682     -0.478277       -0.634242       9.727520
-1.561109       3.058000        -123.259238     -0.481417       -0.662714       9.632124
-1.561109       3.058000        -123.259238     -0.481417       -0.662714       9.632124
-1.602989       2.999913        -122.756749     -0.451624       -0.699893       9.586713
-1.602989       2.999913        -122.756749     -0.451624       -0.699893       9.586713
-1.624583       2.985620        -122.392506     -0.415234       -0.694751       9.742256
-1.624583       2.985620        -122.392506     -0.415234       -0.694751       9.742256
-1.637945       3.016538        -121.913712     -0.406413       -0.674519       9.694467
-1.637945       3.016538        -121.913712     -0.406413       -0.674519       9.694467
-1.622405       3.045217        -121.570502     -0.341478       -0.700207       9.756734
-1.622405       3.045217        -121.570502     -0.341478       -0.700207       9.756734
-1.572539       3.056406        -121.314188     -0.481182       -0.543092       9.835299
-1.572539       3.056406        -121.314188     -0.481182       -0.543092       9.835299
-1.490026       3.042059        -121.114185     -0.673887       -0.434889       9.779116
-1.490026       3.042059        -121.114185     -0.673887       -0.434889       9.779116
-1.394350       2.997835        -120.946075     -0.635187       -0.370170       9.801774
-1.394350       2.997835        -120.946075     -0.635187       -0.370170       9.801774
-1.319023       2.947257        -120.780430     -0.623416       -0.375589       9.851884
-1.319023       2.947257        -120.780430     -0.623416       -0.375589       9.851884
-1.281431       2.890089        -120.598817     -0.388326       -0.423952       9.975556
-1.281431       2.890089        -120.598817     -0.388326       -0.423952       9.975556
-1.271605       2.834072        -120.393219     -0.209983       -0.511446       9.999973
-1.271605       2.834072        -120.393219     -0.209983       -0.511446       9.999973
-1.276411       2.773391        -120.157237     -0.196590       -0.570277       9.929529
-1.276411       2.773391        -120.157237     -0.196590       -0.570277       9.929529
-1.278206       2.710042        -119.885557     -0.099112       -0.653721       9.832839
-1.278206       2.710042        -119.885557     -0.099112       -0.653721       9.832839
-1.273394       2.664512        -119.633557     -0.111396       -0.698732       9.819901
-1.273394       2.664512        -119.633557     -0.111396       -0.698732       9.819901
-1.257798       2.613831        -119.314592     -0.121591       -0.730026       9.714615
-1.257798       2.613831        -119.314592     -0.121591       -0.730026       9.714615
-1.232873       2.587256        -118.901360     -0.455556       -0.538173       9.484509
-1.232873       2.587256        -118.901360     -0.455556       -0.538173       9.484509
-1.223724       2.588677        -118.540841     -0.656527       -0.459175       9.377436
-1.223724       2.588677        -118.540841     -0.656527       -0.459175       9.377436
-1.234661       2.636187        -118.177184     -0.764542       -0.386101       9.516689
-1.234661       2.636187        -118.177184     -0.764542       -0.386101       9.516689
-1.264177       2.712375        -117.894508     -0.968293       -0.318325       9.501934
-1.264177       2.712375        -117.894508     -0.968293       -0.318325       9.501934
-1.343515       2.864945        -117.503335     -1.069389       -0.258785       9.407767
-1.343515       2.864945        -117.503335     -1.069389       -0.258785       9.407767
-1.414391       2.977688        -117.284147     -1.098261       -0.124641       9.583905
-1.414391       2.977688        -117.284147     -1.098261       -0.124641       9.583905
-1.533191       3.094038        -117.066567     -1.003477       -0.134621       9.682384
-1.533191       3.094038        -117.066567     -1.003477       -0.134621       9.682384
-1.729948       3.210367        -116.862047     -0.939737       -0.237166       9.680491
-1.729948       3.210367        -116.862047     -0.939737       -0.237166       9.680491
-1.879450       3.283028        -116.768893     -0.800873       -0.240225       9.790028
-1.879450       3.283028        -116.768893     -0.800873       -0.240225       9.790028
-2.038558       3.367830        -116.721387     -0.755385       -0.182377       9.823453
-2.038558       3.367830        -116.721387     -0.755385       -0.182377       9.823453
-2.159278       3.463210        -116.731654     -0.684087       -0.258640       9.861950
-2.159278       3.463210        -116.731654     -0.684087       -0.258640       9.861950
-2.251183       3.576590        -116.773415     -0.642607       -0.360775       9.860367
-2.251183       3.576590        -116.773415     -0.642607       -0.360775       9.860367
-2.322869       3.698047        -116.811970     -0.570229       -0.468050       10.004939
-2.322869       3.698047        -116.811970     -0.570229       -0.468050       10.004939
-2.372395       3.778958        -116.824775     -0.471352       -0.495756       10.089121
-2.372395       3.778958        -116.824775     -0.471352       -0.495756       10.089121
-2.383030       3.813828        -116.811815     -0.456778       -0.466488       10.008012
-2.383030       3.813828        -116.811815     -0.456778       -0.466488       10.008012
-2.340572       3.812699        -116.772710     -0.417043       -0.513177       9.982914
-2.340572       3.812699        -116.772710     -0.417043       -0.513177       9.982914
-2.247982       3.791558        -116.702979     -0.315368       -0.540764       9.938964
-2.247982       3.791558        -116.702979     -0.315368       -0.540764       9.938964
-2.120686       3.747425        -116.590510     -0.304479       -0.599011       9.925186
-2.120686       3.747425        -116.590510     -0.304479       -0.599011       9.925186
-1.968327       3.656762        -116.420721     -0.216986       -0.627965       9.900812
-1.968327       3.656762        -116.420721     -0.216986       -0.627965       9.900812
-1.814164       3.549641        -116.215392     -0.151039       -0.636910       9.860276
-1.814164       3.549641        -116.215392     -0.151039       -0.636910       9.860276
-1.676015       3.451713        -115.969290     -0.127093       -0.615111       9.727008
-1.676015       3.451713        -115.969290     -0.127093       -0.615111       9.727008
-1.581407       3.382547        -115.674834     -0.255222       -0.669323       9.632642
-1.581407       3.382547        -115.674834     -0.255222       -0.669323       9.632642
-1.544321       3.347964        -115.347099     -0.284814       -0.702002       9.631953
-1.544321       3.347964        -115.347099     -0.284814       -0.702002       9.631953
-1.571371       3.347609        -115.003734     -0.389528       -0.628309       9.596774
-1.571371       3.347609        -115.003734     -0.389528       -0.628309       9.596774
-1.655544       3.390349        -114.675220     -0.430684       -0.620037       9.579993
-1.655544       3.390349        -114.675220     -0.430684       -0.620037       9.579993
-1.793304       3.479008        -114.384933     -0.554305       -0.591197       9.502171
-1.793304       3.479008        -114.384933     -0.554305       -0.591197       9.502171
-1.961961       3.611083        -114.159941     -0.610392       -0.581586       9.494802
-1.961961       3.611083        -114.159941     -0.610392       -0.581586       9.494802
-2.136883       3.772109        -114.023444     -0.629819       -0.529176       9.533191
-2.136883       3.772109        -114.023444     -0.629819       -0.529176       9.533191
-2.310214       3.955440        -113.982306     -0.721431       -0.540947       9.613323
-2.310214       3.955440        -113.982306     -0.721431       -0.540947       9.613323
-2.474497       4.138722        -114.019315     -0.875979       -0.533151       9.617427
-2.474497       4.138722        -114.019315     -0.875979       -0.533151       9.617427
-2.652474       4.324190        -114.099308     -1.015604       -0.523904       9.725160
-2.652474       4.324190        -114.099308     -1.015604       -0.523904       9.725160
-2.855339       4.504446        -114.190334     -0.974682       -0.611429       9.737166
-2.855339       4.504446        -114.190334     -0.974682       -0.611429       9.737166
